 #Weights n_i/n (ratio of number of chains) of each polymer found in the topology file in the same order
0.0078093444801447
0.0078103692907317
0.0078124733178641
0.0078124236510091
0.0078138287586165
0.0078096150313939
0.0078092357978060
0.0078137178788114
0.0078138817882560
0.0078126946693596
0.0078102092984634
0.0078104241163888
0.0078176078146577
0.0078119383404810
0.0078104238926824
0.0078127995703791
0.0078129089868687
0.0078122618056528
0.0078108039233121
0.0078102607286679
0.0078089120515122
0.0078182018455074
0.0078125850642128
0.0078097219238336
0.0078100466590389
0.0078098841828366
0.0078112862583842
0.0078130694937132
0.0078105863653652
0.0078124758142235
0.0078111837211534
0.0078153364744669
0.0078109640423856
0.0078116128681015
0.0078093981470102
0.0078129637059846
0.0078114460018102
0.0078103154537809
0.0078106401517592
0.0078123123097672
0.0078131188680214
0.0078119312418019
0.0078111270994272
0.0078164606588394
0.0078121486570708
0.0078138832166013
0.0078088577439291
0.0078133936315230
0.0078150644704430
0.0078086957782558
0.0078141514734625
0.0078135003464886
0.0078109091601609
0.0078133382256346
0.0078116111966435
0.0078105862748987
0.0078109129318875
0.0078132795072940
0.0078119880550139
0.0078118285998238
0.0078107450483053
0.0078145843786090
0.0078137110435950
0.0078112335497807
0.0078098846783948
0.0078095070961840
0.0078157171768898
0.0078131224503791
0.0078125783814590
0.0078142616265360
0.0078130712870607
0.0078144733059380
0.0078097224177419
0.0078113982003609
0.0078109614625410
0.0078126909756254
0.0078146819992381
0.0078117219488335
0.0078178611191558
0.0078097222365729
0.0078139907884916
0.0078091280179436
0.0078128574892042
0.0078106950567276
0.0078166874910404
0.0078112886225926
0.0078122617878579
0.0078213909480197
0.0078096148733243
0.0078123674666064
0.0078146925314808
0.0078121559585726
0.0078120432293081
0.0078167918433085
0.0078091284473858
0.0078159875191969
0.0078110719245702
0.0078106928847361
0.0078107484479094
0.0078104786423425
0.0078110172382724
0.0078118770837395
0.0078099393445131
0.0078159376180529
0.0078139871496005
0.0078140902497143
0.0078161541191169
0.0078111278781202
0.0078152869629300
0.0078104243301338
0.0078149622544012
0.0078126933096388
0.0078143131435061
0.0078173346089499
0.0078101006189282
0.0078116669687185
0.0078115015180060
0.0078189924922315
0.0078156108251955
0.0078120439077095
0.0078113404832456
0.0078174352364876
0.0078115016373865
0.0078166328992655
0.0078116108735483
0.0078160333184926
0.0078102080821273
0.0078134986805325
