 #Weights n_i/n (ratio of number of chains) of each polymer found in the topology file in the same order
0.0078131391664835
0.0078129325703390
0.0078125042049179
0.0078125045614450
0.0078122536244423
0.0078130507226190
0.0078131687089333
0.0078122684165363
0.0078122245715490
0.0078124459579568
0.0078129624136128
0.0078129182484806
0.0078115153245538
0.0078125936366507
0.0078128886691240
0.0078124309141812
0.0078124162079794
0.0078125490429265
0.0078128004793099
0.0078129474630597
0.0078133162249671
0.0078114132432540
0.0078124755783884
0.0078130358515239
0.0078129771160607
0.0078130066729060
0.0078127112633727
0.0078123869534295
0.0078128592670467
0.0078124753452394
0.0078127263707989
0.0078119590171663
0.0078127708918081
0.0078126523222569
0.0078130952913434
0.0078124028018409
0.0078126821612717
0.0078129329428158
0.0078128446208949
0.0078125331651530
0.0078123572896304
0.0078125787366501
0.0078127559576733
0.0078117968600883
0.0078125641231829
0.0078122399873340
0.0078133163493748
0.0078123127098844
0.0078120044694012
0.0078133754717243
0.0078121505220336
0.0078122691940260
0.0078128003407599
0.0078123130184448
0.0078126381499028
0.0078128441507255
0.0078127848347011
0.0078123268103583
0.0078125787280915
0.0078126234723898
0.0078128003791790
0.0078120919012904
0.0078122534420599
0.0078127261321699
0.0078130067971438
0.0078130804681574
0.0078119159948808
0.0078123577532717
0.0078124608670454
0.0078121215771096
0.0078123867197563
0.0078121062589364
0.0078130363416368
0.0078126821196540
0.0078127857961901
0.0078124308232263
0.0078120604721137
0.0078126229501538
0.0078114873004366
0.0078130361973871
0.0078121947800158
0.0078132424874866
0.0078124313725958
0.0078128301045496
0.0078116649864886
0.0078127263785062
0.0078125487622421
0.0078109432693627
0.0078130509669225
0.0078125203712909
0.0078120624044711
0.0078125494756686
0.0078125635533543
0.0078116496804358
0.0078132280409219
0.0078118557175589
0.0078127560948789
0.0078128293686014
0.0078128147029996
0.0078128739979259
0.0078127704767849
0.0078126083226081
0.0078129916803458
0.0078119000268153
0.0078121949472756
0.0078121653589824
0.0078118421488849
0.0078127412396135
0.0078119581679102
0.0078128885622695
0.0078120181078582
0.0078124308749615
0.0078121067597336
0.0078116036247120
0.0078129772533752
0.0078126236816223
0.0078126822011294
0.0078112960013750
0.0078119423676123
0.0078125789630033
0.0078127117010314
0.0078115587786928
0.0078126669773553
0.0078117965449836
0.0078126381459493
0.0078118558783878
0.0078129477274639
0.0078123134881706
