 # 1.Target node 2.Generation 3.Max point 4.Mean distance
         109           4   2.1093750000000009        2.2244815205147677     
         120           4   2.1093750000000009        2.2500971273764896     
         118           7   2.1093750000000009        2.3155661159280081     
         119           7   2.1093750000000009        2.3084250715617265     
         116           5   2.1093750000000009        2.3143313335312241     
         117           5   2.1093750000000009        2.3225647431233871     
         106           6   2.1093750000000009        2.3060460868550878     
         115           5   2.1093750000000009        2.2865099206874961     
         111           2   1.8750000000000009        2.1786685716826422     
