          25
   7.2656249999999991        3.9002160945434707E-004
   7.0312499999999991        3.9123746493534690E-004
   6.7968749999999991        3.9000919469299976E-004
   6.5624999999999991        3.9126788197412475E-004
   6.3281249999999991        3.8999215440825927E-004
   6.0937499999999991        3.9134480240565609E-004
   5.8593749999999991        3.9001697329533796E-004
   5.6249999999999991        3.9158888945033663E-004
   5.3906249999999991        3.9034542287155321E-004
   5.1562499999999991        3.9264937234316581E-004
   4.9218749999999991        3.9252769468634446E-004
   4.6874999999999991        3.9846403351008160E-004
   4.4531249999999991        4.0664345541307963E-004
   4.2187499999999991        4.3572113385602471E-004
   3.9843749999999991        5.0443218390327539E-004
   3.7499999999999991        7.0062650950300238E-004
   3.5156249999999991        1.2238991216214736E-003
   3.2812499999999991        2.6446827379221953E-003
   3.0468749999999991        6.2740523305471656E-003
   2.8124999999999991        1.4734393674553505E-002
   2.5781249999999991        3.1335986988338185E-002
   2.3437499999999991        5.6202557473744669E-002
   2.1093749999999991        7.9713987618642485E-002
   1.8749999999999991        8.4588789688929383E-002
   1.6406249999999991        6.1996509109728933E-002
   1.4062499999999991        2.7087133802475998E-002
   1.1718749999999991        6.6102017661739320E-003
  0.93749999999999911        1.1037200461566515E-003
  0.70312499999999911        1.5176750183430252E-004
  0.46874999999999911        2.3321815169815156E-005
  0.23437499999999911        4.6807163266078978E-006
  -8.8817841970012523E-016   1.2301335352281139E-005
 -0.23437500000000089        4.6806454062904496E-006
 -0.46875000000000089        2.3321585816551155E-005
 -0.70312500000000089        1.5176383121703820E-004
 -0.93750000000000089        1.1036982980679045E-003
  -1.1718750000000009        6.6100812709631732E-003
  -1.4062500000000009        2.7086788795646310E-002
  -1.6406250000000009        6.1996141427402764E-002
  -1.8750000000000009        8.4588684885855192E-002
  -2.1093750000000009        7.9714164097134374E-002
  -2.3437500000000009        5.6202838370269508E-002
  -2.5781250000000009        3.1336211160542936E-002
  -2.8125000000000009        1.4734519931989772E-002
  -3.0468750000000009        6.2741099210443987E-003
  -3.2812500000000009        2.6447058813234242E-003
  -3.5156250000000009        1.2239078367643642E-003
  -3.7500000000000009        7.0062970696901559E-004
  -3.9843750000000009        5.0443335757477511E-004
  -4.2187500000000009        4.3572157096468690E-004
  -4.4531250000000009        4.0664362033774161E-004
  -4.6875000000000009        3.9846409865663311E-004
  -4.9218750000000009        3.9252771955905930E-004
  -5.1562500000000009        3.9264938358270094E-004
  -5.3906250000000009        3.9034542659541823E-004
  -5.6250000000000009        3.9158889194145711E-004
  -5.8593750000000009        3.9001697358661695E-004
  -6.0937500000000009        3.9134480321640470E-004
  -6.3281250000000009        3.8999215419500754E-004
  -6.5625000000000009        3.9126788234034737E-004
  -6.7968750000000009        3.9000919450423734E-004
  -7.0312500000000009        3.9123746509521924E-004
  -7.2656250000000009        3.9002160938685651E-004
  -7.5000000000000009        3.9122877854595034E-004
