          38
   7.2656249999999991        5.9341836211169595E-004
   7.0312499999999991        5.9408969701967625E-004
   6.7968749999999991        5.9341473406948272E-004
   6.5624999999999991        5.9411316683761768E-004
   6.3281249999999991        5.9342156229226311E-004
   6.0937499999999991        5.9419051351620187E-004
   5.8593749999999991        5.9351629202040817E-004
   5.6249999999999991        5.9450682823870165E-004
   5.3906249999999991        5.9412080309851961E-004
   5.1562499999999991        5.9608183093586204E-004
   4.9218749999999991        5.9771312699975364E-004
   4.6874999999999991        6.0517300093067879E-004
   4.4531249999999991        6.2042283678462307E-004
   4.2187499999999991        6.6449782130863168E-004
   3.9843749999999991        7.7748538963794698E-004
   3.7499999999999991        1.0891799032068177E-003
   3.5156249999999991        1.9288771107406595E-003
   3.2812499999999991        4.1581190621773909E-003
   3.0468749999999991        9.6623376811963754E-003
   2.8124999999999991        2.1615702494537762E-002
   2.5781249999999991        4.2471991588602827E-002
   2.3437499999999991        6.8037168076680227E-002
   2.1093749999999991        8.3589007348109631E-002
   1.8749999999999991        7.5313435475634419E-002
   1.6406249999999991        4.7082719551198929E-002
   1.4062499999999991        1.8058408148021721E-002
   1.1718749999999991        3.9983099245807247E-003
  0.93749999999999911        6.3493218438383529E-004
  0.70312499999999911        8.7792140365057687E-005
  0.46874999999999911        1.5500295913401991E-005
  0.23437499999999911        3.3759153223789012E-006
  -8.8817841970012523E-016   7.7181689716968738E-006
 -0.23437500000000089        3.3758722526841814E-006
 -0.46875000000000089        1.5500146330093344E-005
 -0.70312500000000089        8.7790091205853144E-005
 -0.93750000000000089        6.3491959329261291E-004
  -1.1718750000000009        3.9982342392384683E-003
  -1.4062500000000009        1.8058159191941078E-002
  -1.6406250000000009        4.7082370810953483E-002
  -1.8750000000000009        7.5313213554808009E-002
  -2.1093750000000009        8.3589056235969642E-002
  -2.3437500000000009        6.8037416301746853E-002
  -2.5781250000000009        4.2472252643951221E-002
  -2.8125000000000009        2.1615873444528103E-002
  -3.0468750000000009        9.6624229014786716E-003
  -3.2812500000000009        4.1581550249724817E-003
  -3.5156250000000009        1.9288909772112632E-003
  -3.7500000000000009        1.0891850269692553E-003
  -3.9843750000000009        7.7748727728548677E-004
  -4.2187500000000009        6.6449851795287310E-004
  -4.4531250000000009        6.2042310343210841E-004
  -4.6875000000000009        6.0517310197740523E-004
  -4.9218750000000009        5.9771316895388922E-004
  -5.1562500000000009        5.9608184667649512E-004
  -5.3906250000000009        5.9412081078506567E-004
  -5.6250000000000009        5.9450683065040595E-004
  -5.8593750000000009        5.9351629376381458E-004
  -6.0937500000000009        5.9419051373129793E-004
  -6.3281250000000009        5.9342156281732910E-004
  -6.5625000000000009        5.9411316674178646E-004
  -6.7968750000000009        5.9341473426739472E-004
  -7.0312500000000009        5.9408969694535051E-004
  -7.2656250000000009        5.9341836216698517E-004
  -7.5000000000000009        5.9408387279522728E-004
