          23
   7.2656249999999991        3.5882481128903377E-004
   7.0312499999999991        3.5993317365465055E-004
   6.7968749999999991        3.5881262507115008E-004
   6.5624999999999991        3.5996138787434289E-004
   6.3281249999999991        3.5879448966844648E-004
   6.0937499999999991        3.6003081815277329E-004
   5.8593749999999991        3.5880847640951672E-004
   5.6249999999999991        3.6024252324145134E-004
   5.3906249999999991        3.5906918176092429E-004
   5.1562499999999991        3.6113021180207683E-004
   4.9218749999999991        3.6083432101122366E-004
   4.6874999999999991        3.6587612281506249E-004
   4.4531249999999991        3.7218186232426708E-004
   4.2187499999999991        3.9577830017850321E-004
   3.9843749999999991        4.5010483571446296E-004
   3.7499999999999991        6.0639867302034645E-004
   3.5156249999999991        1.0210338814240411E-003
   3.2812499999999991        2.1522400450561018E-003
   3.0468749999999991        5.0610835536274122E-003
   2.8124999999999991        1.1944202363341278E-002
   2.5781249999999991        2.5782610798622090E-002
   2.3437499999999991        4.7442236312769004E-002
   2.1093749999999991        6.9921632074015999E-002
   1.8749999999999991        7.8179571722391539E-002
   1.6406249999999991        6.0773045177377631E-002
   1.4062499999999991        2.8021131161022245E-002
   1.1718749999999991        7.2296279774191775E-003
  0.93749999999999911        1.3364456535046702E-003
  0.70312499999999911        2.3137632379433652E-004
  0.46874999999999911        4.7379682663341676E-005
  0.23437499999999911        1.3795239239447445E-005
  -8.8817841970012523E-016   1.7792155133031968E-005
 -0.23437500000000089        1.3795084841287944E-005
 -0.46875000000000089        4.7379190093232911E-005
 -0.70312500000000089        2.3137167900470133E-004
 -0.93750000000000089        1.3364214162961232E-003
  -1.1718750000000009        7.2295016726921920E-003
  -1.4062500000000009        2.8020788024344601E-002
  -1.6406250000000009        6.0772721723416565E-002
  -1.8750000000000009        7.8179523181681157E-002
  -2.1093750000000009        6.9921821180580435E-002
  -2.3437500000000009        4.7442489551175512E-002
  -2.5781250000000009        2.5782800731631757E-002
  -2.8125000000000009        1.1944306047621049E-002
  -3.0468750000000009        5.0611299420389531E-003
  -3.2812500000000009        2.1522585250310475E-003
  -3.5156250000000009        1.0210407866869482E-003
  -3.7500000000000009        6.0640122265262302E-004
  -3.9843750000000009        4.5010575961080092E-004
  -4.2187500000000009        3.9577865701187292E-004
  -4.4531250000000009        3.7218198826369144E-004
  -4.6875000000000009        3.6587618077208155E-004
  -4.9218750000000009        3.6083433680418164E-004
  -5.1562500000000009        3.6113022471496656E-004
  -5.3906250000000009        3.5906918174345693E-004
  -5.6250000000000009        3.6024252787716070E-004
  -5.8593750000000009        3.5880847453068461E-004
  -6.0937500000000009        3.6003082056217979E-004
  -6.3281250000000009        3.5879448810491224E-004
  -6.5625000000000009        3.5996138925377299E-004
  -6.7968750000000009        3.5881262412892461E-004
  -7.0312500000000009        3.5993317430228208E-004
  -7.2656250000000009        3.5882481097846298E-004
  -7.5000000000000009        3.5992502951156960E-004
