 # 1.Target node 2.Generation 3.Max point 4.Mean distance
         125           3   1.8750000000000009        2.2563334075943597     
         121           4   2.1093750000000009        2.2915021303652603     
         123           4   2.1093750000000009        2.2987275069541284     
         108           6   2.1093750000000009        2.3403263566994692     
         124           6   2.1093750000000009        2.3623199620781747     
         119           4   1.8750000000000009        2.2390456600095030     
         122           4   1.8750000000000009        2.2390456600095030     
         116           5   2.1093750000000009        2.3178470829779387     
         111           4   2.1093750000000009        2.3391981643879456     
