# # 1. Index 2. Generation
0 0
1 0
2 0
3 0
4 0
5 0
6 0
7 0
8 0
9 0
10 0
11 0
12 0
13 0
14 0
15 0
16 0
17 0
18 0
19 0
20 0
21 0
22 0
23 0
24 0
25 0
26 0
27 0
28 0
29 0
30 0
31 0
32 0
33 0
34 0
35 0
36 0
37 0
38 0
39 0
40 0
41 0
42 0
43 0
44 0
45 0
46 0
47 0
48 0
49 0
50 0
51 0
52 0
53 0
54 0
55 0
56 0
57 0
58 0
59 0
60 0
61 0
62 0
63 0
64 0
65 0
66 0
67 0
68 0
69 0
70 0
71 0
72 0
73 0
74 0
75 0
76 0
77 0
78 0
79 0
80 0
81 0
82 0
83 0
84 1
85 2
86 2
87 2
88 3
89 4
90 4
91 5
92 3
93 5
94 5
95 5
96 2
97 2
98 5
99 6
100 4
101 4
102 5
103 6
104 5
105 6
106 5
107 4
108 6
109 5
110 5
111 5
112 6
113 5
114 6
115 6
116 7
117 6
118 6
119 6
120 7
121 5
122 6
123 6
124 6
125 7
126 7
127 6
128 6
129 7
130 8
131 7
132 7
133 6
134 8
135 7
136 2
137 9
138 7
139 6
140 9
141 7
142 8
143 8
144 6
145 3
146 9
147 7
148 7
149 6
150 7
151 9
152 8
153 9
154 6
155 6
156 7
157 8
158 6
159 8
160 3
161 7
162 7
163 7
164 7
165 7
166 6
167 9
168 8
169 5
170 9
171 3
172 8
173 8
174 8
175 6
176 5
177 7
178 7
179 8
180 8
181 8
182 9
183 7
184 8
185 7
186 7
187 9
188 7
189 7
190 8
191 7
192 8
193 3
194 7
195 7
196 3
197 7
198 9
199 7
