# # 1. Index 2. Generation
0 0
1 0
2 0
3 0
4 0
5 0
6 0
7 0
8 0
9 0
10 0
11 0
12 0
13 0
14 0
15 0
16 0
17 0
18 0
19 0
20 0
21 0
22 0
23 0
24 0
25 0
26 0
27 0
28 0
29 0
30 0
31 0
32 0
33 0
34 0
35 0
36 0
37 0
38 0
39 0
40 0
41 0
42 0
43 0
44 0
45 0
46 0
47 0
48 0
49 0
50 0
51 0
52 0
53 0
54 0
55 0
56 0
57 0
58 0
59 0
60 0
61 0
62 0
63 0
64 0
65 0
66 0
67 0
68 0
69 0
70 0
71 0
72 0
73 0
74 0
75 0
76 0
77 0
78 0
79 0
80 0
81 0
82 0
83 0
84 1
85 1
86 2
87 3
88 3
89 4
90 5
91 5
92 2
93 4
94 5
95 5
96 3
97 5
98 4
99 5
100 4
101 5
102 5
103 5
104 3
105 6
106 5
107 5
108 5
109 6
110 3
111 7
112 5
113 8
114 4
115 5
116 6
117 4
118 7
119 7
120 7
121 9
122 10
123 8
124 8
125 11
126 6
127 12
128 4
129 6
130 13
131 8
132 8
133 13
134 6
135 8
136 5
137 13
138 7
139 10
140 6
141 7
142 6
143 6
144 8
145 8
146 8
147 8
148 9
149 13
150 9
151 8
152 7
153 13
154 11
155 14
156 8
157 9
158 7
159 6
160 5
161 6
162 5
163 9
164 8
165 7
166 5
167 5
168 14
169 6
170 6
171 5
172 8
173 7
174 5
175 8
176 5
177 12
178 7
179 14
180 8
181 4
182 3
183 7
184 14
185 12
186 5
187 5
188 3
189 7
