# # 1. Index 2. Generation
0 0
1 0
2 0
3 0
4 0
5 0
6 0
7 0
8 0
9 0
10 0
11 0
12 0
13 0
14 0
15 0
16 0
17 0
18 0
19 0
20 0
21 0
22 0
23 0
24 0
25 0
26 0
27 0
28 0
29 0
30 0
31 0
32 0
33 0
34 0
35 0
36 0
37 0
38 0
39 0
40 0
41 0
42 0
43 0
44 0
45 0
46 0
47 0
48 0
49 0
50 0
51 0
52 0
53 0
54 0
55 0
56 0
57 0
58 0
59 0
60 0
61 0
62 0
63 0
64 0
65 0
66 0
67 0
68 0
69 0
70 0
71 0
72 0
73 0
74 0
75 0
76 0
77 0
78 0
79 0
80 0
81 0
82 0
83 0
84 1
85 2
86 3
87 4
88 4
89 5
90 6
91 7
92 7
93 3
94 4
95 5
96 5
97 6
98 6
99 4
100 4
101 2
102 6
103 5
104 4
105 5
106 3
107 8
108 6
109 6
110 4
111 5
112 7
113 8
114 6
115 4
116 4
117 6
118 6
119 5
120 7
121 4
122 6
123 5
124 6
125 4
126 7
127 7
128 4
129 5
130 6
131 7
132 7
133 7
134 7
135 7
136 6
137 5
138 6
139 7
140 9
141 5
142 6
143 5
144 7
145 5
146 7
147 5
148 7
149 6
150 7
151 5
152 9
153 7
154 8
155 6
156 6
157 7
158 7
159 8
160 6
161 9
162 6
163 4
164 8
165 7
166 6
167 9
168 5
169 9
170 9
171 5
172 9
173 9
174 7
175 8
176 7
177 5
178 5
179 9
180 8
181 5
182 9
183 7
184 8
185 9
186 9
187 3
188 6
