# # 1. Index 2. Generation
0 0
1 0
2 0
3 0
4 0
5 0
6 0
7 0
8 0
9 0
10 0
11 0
12 0
13 0
14 0
15 0
16 0
17 0
18 0
19 0
20 0
21 0
22 0
23 0
24 0
25 0
26 0
27 0
28 0
29 0
30 0
31 0
32 0
33 0
34 0
35 0
36 0
37 0
38 0
39 0
40 0
41 0
42 0
43 0
44 0
45 0
46 0
47 0
48 0
49 0
50 0
51 0
52 0
53 0
54 0
55 0
56 0
57 0
58 0
59 0
60 0
61 0
62 0
63 0
64 0
65 0
66 0
67 0
68 0
69 0
70 0
71 0
72 0
73 0
74 0
75 0
76 0
77 0
78 0
79 0
80 0
81 0
82 0
83 0
84 1
85 1
86 2
87 3
88 3
89 3
90 4
91 5
92 3
93 5
94 4
95 2
96 5
97 6
98 3
99 5
100 4
101 6
102 7
103 5
104 5
105 5
106 5
107 7
108 4
109 5
110 6
111 7
112 5
113 7
114 6
115 7
116 8
117 5
118 8
119 6
120 8
121 6
122 4
123 7
124 8
125 7
126 8
127 6
128 7
129 8
130 8
131 7
132 8
133 8
134 5
135 9
136 9
137 4
138 7
139 5
140 7
141 7
142 7
143 9
144 5
145 7
146 7
147 7
148 5
149 6
150 8
151 9
152 9
153 6
154 8
155 7
156 9
157 8
158 6
159 6
160 8
161 8
162 7
163 10
164 7
165 3
166 10
167 8
168 7
169 11
170 11
171 9
172 6
173 7
174 7
175 5
176 5
177 8
178 9
179 8
180 8
181 8
182 8
183 6
184 7
185 7
186 8
187 11
