 #Weights n_i/n (ratio of number of chains) of each polymer found in the topology file in the same order
0.0149459358607252
0.0111449256795420
0.0070533490766954
0.0068873308361732
0.0058165212802147
0.0126273611404559
0.0157983907435738
0.0058228365126945
0.0055807057940616
0.0061511378269173
0.0105078931234130
0.0098180472181398
0.0040959265010297
0.0069757492610393
0.0096949217958898
0.0064465378817059
0.0063388086933073
0.0069547875794389
0.0080925887037809
0.0107120462622739
0.0221524252513069
0.0037824912121031
0.0062648719057281
0.0128189337575106
0.0108982245752306
0.0115689402699902
0.0079690713115708
0.0057446409064753
0.0093554089852864
0.0065650170114267
0.0079270615055196
0.0048094838035737
0.0082525304311965
0.0078642098726095
0.0124962522351781
0.0055162356681640
0.0075952047896208
0.0099634421547942
0.0089565639570609
0.0081971976626732
0.0059356582740819
0.0070554710707813
0.0080275472113235
0.0042463148830587
0.0068892062295891
0.0051012888349728
0.0217490172727439
0.0059099349068869
0.0043354078801350
0.0250333936352572
0.0052354817488967
0.0052992788562551
0.0085032140026007
0.0059515433019428
0.0069619300377739
0.0095361119457638
0.0094363549324865
0.0065263176102487
0.0069925353607277
0.0071363004372296
0.0084313234022507
0.0046377512113740
0.0058976767985590
0.0082894630727714
0.0112742955458373
0.0128768467875175
0.0040239979144744
0.0057086473134628
0.0062235062176240
0.0049846267404014
0.0061426410721682
0.0051156999036843
0.0114745387804741
0.0079536620358207
0.0081110510236280
0.0067295046768893
0.0056966255675652
0.0070382992199234
0.0036767271164299
0.0119644267098884
0.0052537291630330
0.0180539377099006
0.0060673680268292
0.0086783870069004
0.0037670168541871
0.0077847247999392
0.0069767026673879
0.0029335364173389
0.0120565877095212
0.0065206278504650
0.0047262393526173
0.0064106707956303
0.0072877600672644
0.0036737104906866
0.0166909424848112
0.0046443006232760
0.0078052127865663
0.0092322669358331
0.0089523704224861
0.0089514590232424
0.0089535141465411
0.0073193548986716
0.0118679691030151
0.0044981856006487
0.0051043665573570
0.0050988557943504
0.0038827685218158
0.0078265578647378
0.0050695374826758
0.0098582635494154
0.0045485420340098
0.0062951410571106
0.0049181637507605
0.0042697401082677
0.0104558230615662
0.0068623355900624
0.0073355723582554
0.0032617545357035
0.0052986616798606
0.0068768313072920
0.0079817534029332
0.0042201698362837
0.0080270112845747
0.0043913339654054
0.0070694814521098
0.0044777054258329
0.0100663402836134
0.0054190855776222
