 #Weights n_i/n (ratio of number of chains) of each polymer found in the topology file in the same order
0.0078112891875711
0.0078116800979109
0.0078124891935186
0.0078124898318248
0.0078129645023479
0.0078114568906442
0.0078112333970574
0.0078129366350062
0.0078130211887462
0.0078126023027003
0.0078116248405291
0.0078117087986326
0.0078143604078032
0.0078123232225782
0.0078117645285878
0.0078126297183083
0.0078126577376312
0.0078124064260626
0.0078119327016979
0.0078116524172514
0.0078109541036006
0.0078145581611299
0.0078125466365888
0.0078114846086270
0.0078115968202898
0.0078115410522958
0.0078120990463502
0.0078127140581589
0.0078118205760514
0.0078125462201580
0.0078120717479757
0.0078135240937512
0.0078119884200427
0.0078122109052038
0.0078113736579735
0.0078126880827802
0.0078121556343533
0.0078116807634016
0.0078118486981462
0.0078124323493335
0.0078127696490499
0.0078123508938736
0.0078120160279803
0.0078138316747428
0.0078123790774436
0.0078129944362231
0.0078109543259007
0.0078128528849466
0.0078134424074628
0.0078108428199201
0.0078131603697602
0.0078129380254730
0.0078119324544223
0.0078128534376862
0.0078122398764134
0.0078118478575178
0.0078119590398338
0.0078128237812617
0.0078123508783820
0.0078122679453236
0.0078119325230150
0.0078132728237621
0.0078129641759912
0.0078120713213197
0.0078115412743125
0.0078114014612959
0.0078136101282715
0.0078127704785465
0.0078125746466697
0.0078132172514502
0.0078127136411357
0.0078132441787471
0.0078114854843726
0.0078121555603835
0.0078119607587800
0.0078126295561186
0.0078133252617993
0.0078122670106012
0.0078144189527945
0.0078114852267812
0.0078130765522827
0.0078110937849636
0.0078126305381511
0.0078118770524992
0.0078140847796238
0.0078120717613502
0.0078124059235707
0.0078154563311472
0.0078114573273113
0.0078124637880087
0.0078133287200570
0.0078124071997985
0.0078123780581420
0.0078141117312024
0.0078111222595035
0.0078137196311833
0.0078120162730609
0.0078118757364549
0.0078119038241504
0.0078117926052186
0.0078119876783359
0.0078122951692911
0.0078115685535597
0.0078136358954311
0.0078130768513801
0.0078131325807352
0.0078137496906165
0.0078120440224865
0.0078135225733308
0.0078117643374896
0.0078134124715479
0.0078126296478921
0.0078132450750251
0.0078141923477813
0.0078115970655893
0.0078122683192199
0.0078121557053445
0.0078147831360401
0.0078135486380748
0.0078123512986067
0.0078120998295508
0.0078142751301861
0.0078121827968584
0.0078138311108201
0.0078122398694756
0.0078137199184383
0.0078116528896501
0.0078128542771742
