          21
   7.2656249999999991        2.7817929077977329E-004
   7.0312499999999991        2.7964238177304555E-004
   6.7968749999999991        2.7816533901501797E-004
   6.5624999999999991        2.7967383384611550E-004
   6.3281249999999991        2.7814445392326668E-004
   6.0937499999999991        2.7975020775259518E-004
   5.8593749999999991        2.7815941975408397E-004
   5.6249999999999991        2.7998339510111066E-004
   5.3906249999999991        2.7845628911998360E-004
   5.1562499999999991        2.8098866977937408E-004
   4.9218749999999991        2.8052402464309864E-004
   4.6874999999999991        2.8658041883798630E-004
   4.4531249999999991        2.9422580889187846E-004
   4.2187499999999991        3.2305015887701058E-004
   3.9843749999999991        3.9071529860364764E-004
   3.7499999999999991        5.8595897117203670E-004
   3.5156249999999991        1.1085717330923664E-003
   3.2812499999999991        2.5319212608687970E-003
   3.0468749999999991        6.1702769619413692E-003
   2.8124999999999991        1.4622992467746706E-002
   2.5781249999999991        3.1077032509454955E-002
   2.3437499999999991        5.5344916453603718E-002
   2.1093749999999991        7.7473967242276773E-002
   1.8749999999999991        7.9847594979287104E-002
   1.6406249999999991        5.4509747723503983E-002
   1.4062499999999991        2.1024833527339838E-002
   1.1718749999999991        4.8794235330251430E-003
  0.93749999999999911        9.0247443809111092E-004
  0.70312499999999911        1.3649501642255184E-004
  0.46874999999999911        4.0943929930993752E-005
  0.23437499999999911        1.4257014313867172E-005
  -8.8817841970012523E-016   2.5615820260924923E-005
 -0.23437500000000089        1.4256990708592947E-005
 -0.46875000000000089        4.0943764143218608E-005
 -0.70312500000000089        1.3649348833320515E-004
 -0.93750000000000089        9.0246570705640884E-004
  -1.1718750000000009        4.8793785657030046E-003
  -1.4062500000000009        2.1024690500335091E-002
  -1.6406250000000009        5.4509560892483482E-002
  -1.8750000000000009        7.9847531052144746E-002
  -2.1093750000000009        7.7474053245536439E-002
  -2.3437500000000009        5.5345060336775137E-002
  -2.5781250000000009        3.1077149564415707E-002
  -2.8125000000000009        1.4623059132436184E-002
  -3.0468750000000009        6.1703076223032149E-003
  -3.2812500000000009        2.5319335802942277E-003
  -3.5156250000000009        1.1085763945950569E-003
  -3.7500000000000009        5.8596065684263113E-004
  -3.9843750000000009        3.9071593064537638E-004
  -4.2187500000000009        3.2305038000529439E-004
  -4.4531250000000009        2.9422590246926946E-004
  -4.6875000000000009        2.8658044656076014E-004
  -4.9218750000000009        2.8052404249560110E-004
  -5.1562500000000009        2.8098867129331133E-004
  -5.3906250000000009        2.7845629451698725E-004
  -5.6250000000000009        2.7998339342820720E-004
  -5.8593750000000009        2.7815942231136583E-004
  -6.0937500000000009        2.7975020618647972E-004
  -6.3281250000000009        2.7814445539150860E-004
  -6.5625000000000009        2.7967383280908605E-004
  -6.7968750000000009        2.7816533981254212E-004
  -7.0312500000000009        2.7964238126929075E-004
  -7.2656250000000009        2.7817929103504473E-004
  -7.5000000000000009        2.7963321748932548E-004
