 #Weights n_i/n (ratio of number of chains) of each polymer found in the topology file in the same order
0.0164992801631434
0.0116978385192989
0.0066911591921304
0.0065417165264165
0.0052991911662556
0.0136786562996545
0.0175919062568216
0.0053145285652298
0.0050779296189737
0.0057663953840907
0.0111091101841457
0.0102788338556449
0.0034542023898247
0.0067516079820700
0.0100724005785811
0.0060444688509455
0.0059270107276448
0.0066642979680081
0.0082136873962277
0.0112804960498391
0.0248794642767911
0.0031667705431605
0.0059208835910772
0.0138083187196945
0.0115795042326621
0.0124326127650620
0.0078637774454880
0.0053258440862224
0.0096762591471425
0.0061952846144585
0.0078863140437914
0.0042335447761997
0.0083499497941879
0.0077157377986869
0.0137063603351860
0.0051662569506098
0.0074987282618164
0.0104430241277904
0.0092201726373274
0.0078361679247548
0.0054940505865747
0.0067958749967408
0.0080450990439705
0.0036581296334855
0.0066369122035770
0.0046327493613679
0.0245294405773286
0.0054170573316411
0.0038180727431759
0.0278793321629725
0.0046919190748342
0.0048269410681298
0.0086526578455449
0.0054906449553667
0.0067917825833324
0.0097674623142991
0.0095303063284325
0.0060267912795964
0.0067442845180191
0.0069841480793824
0.0085862267710099
0.0041083207961970
0.0053741532776460
0.0082490802653544
0.0121236927010321
0.0141291446320797
0.0034913059603854
0.0052966752791637
0.0058657537569559
0.0044672464601558
0.0057188614245036
0.0045620765015758
0.0124342072389084
0.0078793622840777
0.0082284802489337
0.0063338449386533
0.0050636250734959
0.0068082590366014
0.0030809680923023
0.0129397974365117
0.0047219472451764
0.0202776205272277
0.0056837046400359
0.0089420546542399
0.0031968694462356
0.0077418759689527
0.0066670877722193
0.0023643278959901
0.0130795110648288
0.0062656588140558
0.0041774182296404
0.0061144512242525
0.0069975995669867
0.0030994429995002
0.0188739221147311
0.0040487250834255
0.0078195636663315
0.0093932786080147
0.0090990696391818
0.0092125605396681
0.0090475084949331
0.0071294772462775
0.0126609171422985
0.0039180671422046
0.0045890389040838
0.0045744397919963
0.0033405060678796
0.0078029364804225
0.0044591918748248
0.0102453046276046
0.0039887216439465
0.0058755561443689
0.0043839190217370
0.0036263678002012
0.0111056593299808
0.0067190206100306
0.0072090533677276
0.0026826193205768
0.0046509294148455
0.0066296882494681
0.0079418878970551
0.0035655864050503
0.0078894411712843
0.0037859957950201
0.0069156175202636
0.0038907489130293
0.0106101546789275
0.0049705226328950
