 # 1.Target node 2.Generation 3.Max point 4.Mean distance
          96           4   2.1093750000000009        2.2727357083379629     
         109           4   2.1093750000000009        2.2803411727441723     
         118           4   2.1093750000000009        2.2727687608636473     
         116           5   2.1093750000000009        2.3095662552986655     
         113           6   2.1093750000000009        2.3202456223367021     
         117           6   2.1093750000000009        2.3045298412141912     
         111           4   2.1093750000000009        2.3173686356377701     
          92           4   2.1093750000000009        2.2942209782663769     
         114           3   2.1093750000000009        2.2551569258054380     
