   7.2656249999999991        1.2585378074212704E-003   1.2373815733179492E-003
   7.0312499999999991        1.1959765712863753E-003   1.2281517304225515E-003
   6.7968749999999991        1.2641452788097619E-003   1.2500618014019329E-003
   6.5624999999999991        1.2046463411905580E-003   1.2520925250425583E-003
   6.3281249999999991        1.2863150021684313E-003   1.2944692569527192E-003
   6.0937499999999991        1.2418907753325025E-003   1.3287660577946093E-003
   5.8593749999999991        1.3653739525577517E-003   1.4271558656569182E-003
   5.6249999999999991        1.3803044163493989E-003   1.5485523187116614E-003
   5.3906249999999991        1.6333216415580533E-003   1.7862809319977731E-003
   5.1562499999999991        1.8616951295224195E-003   2.1035052330827526E-003
   4.9218749999999991        2.5029965620744677E-003   2.6087695896370383E-003
   4.6874999999999991        2.8669038390619736E-003   3.3114026737189094E-003
   4.4531249999999991        3.4161952574876401E-003   4.6607589406286532E-003
   4.2187499999999991        3.7015837909073622E-003   7.5920642814667275E-003
   3.9843749999999991        4.5217993790272106E-003   1.4883899472177702E-002
   3.7499999999999991        5.5884220274462762E-003   3.2257127341429936E-002
   3.5156249999999991        8.7094958692225700E-003   6.9793554290715348E-002
   3.2812499999999991        1.4816915663593885E-002  0.13597266421555501     
   3.0468749999999991        2.7666929464637075E-002  0.22302784689662536     
   2.8124999999999991        4.9543076278050331E-002  0.30036927868347013     
   2.5781249999999991        8.9081127590921891E-002  0.33592705954065794     
   2.3437499999999991       0.17465980883031423       0.29838889308354255     
   2.1093749999999991       0.38079009846721229       0.16776580309479872     
   1.8749999999999991       0.65498791273038892        4.5871652558545403E-002
   1.6406249999999991       0.75674346165659256        8.5615769067803917E-003
   1.4062499999999991       0.76539359017715380        1.7539995269691075E-003
   1.1718749999999991       0.75564707404286946        5.9123671090449443E-004
  0.93749999999999911       0.73968144214810772        8.2497011904998229E-004
  0.70312499999999911       0.72037913065371750        1.8878285304442771E-003
  0.46874999999999911       0.69900806808568783        4.0327168886830876E-003
  0.23437499999999911       0.68071732805105034        6.6201754594272383E-003
  -8.8817841970012523E-016  0.67336226429363888        7.9030588717856620E-003
 -0.23437500000000089       0.68071541625276488        6.6204856053286099E-003
 -0.46875000000000089       0.69900525798538593        4.0330651845884658E-003
 -0.70312500000000089       0.72037630411992981        1.8880452699847864E-003
 -0.93750000000000089       0.73967909434392376        8.2505584466040270E-004
  -1.1718750000000009       0.75564524349457596        5.9121657650949659E-004
  -1.4062500000000009       0.76539276637976594        1.7537265349063782E-003
  -1.6406250000000009       0.75674689051893018        8.5600117260915543E-003
  -1.8750000000000009       0.65500810451250091        4.5863977886459462E-002
  -2.1093750000000009       0.38082027726197420       0.16774952439241708     
  -2.3437500000000009       0.17467419010663501       0.29837976455539827     
  -2.5781250000000009        8.9087035397637848E-002  0.33592813300686475     
  -2.8125000000000009        4.9546370804396424E-002  0.30037660133644528     
  -3.0468750000000009        2.7668794096362293E-002  0.22303832239621296     
  -3.2812500000000009        1.4817996564622704E-002  0.13598220818841078     
  -3.5156250000000009        8.7099534099409834E-003   6.9799639903258742E-002
  -3.7500000000000009        5.5886499564565617E-003   3.2260164632270875E-002
  -3.9843750000000009        4.5218684787990257E-003   1.4885190540135186E-002
  -4.2187500000000009        3.7016317487962636E-003   7.5925723388999642E-003
  -4.4531250000000009        3.4162021222586963E-003   4.6609491419223846E-003
  -4.6875000000000009        2.8669184902269406E-003   3.3114766622440498E-003
  -4.9218750000000009        2.5029944421515456E-003   2.6087971221210506E-003
  -5.1562500000000009        1.8617009465956528E-003   2.1035173795594174E-003
  -5.3906250000000009        1.6333189861680640E-003   1.7862851155764625E-003
  -5.6250000000000009        1.3803075162038695E-003   1.5485548206102026E-003
  -5.8593750000000009        1.3653719176218676E-003   1.4271563724281991E-003
  -6.0937500000000009        1.2418926479446650E-003   1.3287667612032141E-003
  -6.3281250000000009        1.2863136407093756E-003   1.2944691915858727E-003
  -6.5625000000000009        1.2046474440013596E-003   1.2520927931020897E-003
  -6.7968750000000009        1.2641445062413984E-003   1.2500617016534840E-003
  -7.0312500000000009        1.1959770875083920E-003   1.2281518351238707E-003
  -7.2656250000000009        1.2585375575546599E-003   1.2373815354589841E-003
  -7.5000000000000009        1.1945661921390959E-003   1.2229970294148952E-003
