# # 1. Index 2. Generation
0 0
1 0
2 0
3 0
4 0
5 0
6 0
7 0
8 0
9 0
10 0
11 0
12 0
13 0
14 0
15 0
16 0
17 0
18 0
19 0
20 0
21 0
22 0
23 0
24 0
25 0
26 0
27 0
28 0
29 0
30 0
31 0
32 0
33 0
34 0
35 0
36 0
37 0
38 0
39 0
40 0
41 0
42 0
43 0
44 0
45 0
46 0
47 0
48 0
49 0
50 0
51 0
52 0
53 0
54 0
55 0
56 0
57 0
58 0
59 0
60 0
61 0
62 0
63 0
64 0
65 0
66 0
67 0
68 0
69 0
70 0
71 0
72 0
73 0
74 0
75 0
76 0
77 0
78 0
79 0
80 0
81 0
82 0
83 0
84 1
85 2
86 2
87 3
88 3
89 3
90 4
91 4
92 3
93 3
94 4
95 2
96 4
97 4
98 5
99 5
100 5
101 5
102 4
103 5
104 5
105 4
106 3
107 6
108 5
109 6
110 7
111 7
112 6
113 6
114 8
115 6
116 3
117 8
118 7
119 7
120 7
121 7
122 5
123 8
124 7
125 8
126 7
127 6
128 5
129 8
130 6
131 4
132 9
133 8
134 9
135 4
136 6
137 9
138 9
139 5
140 8
141 8
142 7
143 8
144 5
145 7
146 7
147 5
148 6
149 10
150 10
151 7
152 5
153 8
154 8
155 4
156 11
157 4
158 7
159 9
160 8
161 10
162 9
163 11
164 7
165 8
166 8
167 6
168 10
169 10
170 10
171 8
172 6
173 6
174 5
175 9
176 6
177 12
178 9
179 8
180 10
181 4
182 12
183 9
184 11
185 6
186 12
187 6
188 9
189 9
190 4
191 10
192 10
193 9
194 3
195 11
196 9
197 9
198 7
199 8
200 9
201 7
202 11
203 8
204 9
205 9
