# # 1. Index 2. Generation
0 0
1 0
2 0
3 0
4 0
5 0
6 0
7 0
8 0
9 0
10 0
11 0
12 0
13 0
14 0
15 0
16 0
17 0
18 0
19 0
20 0
21 0
22 0
23 0
24 0
25 0
26 0
27 0
28 0
29 0
30 0
31 0
32 0
33 0
34 0
35 0
36 0
37 0
38 0
39 0
40 0
41 0
42 0
43 0
44 0
45 0
46 0
47 0
48 0
49 0
50 0
51 0
52 0
53 0
54 0
55 0
56 0
57 0
58 0
59 0
60 0
61 0
62 0
63 0
64 0
65 0
66 0
67 0
68 0
69 0
70 0
71 0
72 0
73 0
74 0
75 0
76 0
77 0
78 0
79 0
80 0
81 0
82 0
83 0
84 1
85 1
86 2
87 3
88 4
89 4
90 5
91 5
92 3
93 4
94 5
95 5
96 6
97 7
98 4
99 5
100 5
101 5
102 6
103 6
104 7
105 7
106 7
107 7
108 5
109 7
110 7
111 8
112 8
113 9
114 7
115 7
116 6
117 2
118 7
119 6
120 8
121 5
122 5
123 6
124 7
125 7
126 7
127 7
128 5
129 8
130 6
131 9
132 9
133 8
134 8
135 8
136 6
137 8
138 8
139 7
140 6
141 8
142 9
143 9
144 7
145 8
146 8
147 8
148 6
149 9
150 8
151 7
152 10
153 8
154 10
155 8
156 8
157 8
158 8
159 8
160 8
161 6
162 9
163 9
164 7
165 10
166 6
167 10
168 8
169 2
170 9
171 9
172 6
173 8
174 5
175 10
176 10
177 11
178 8
179 9
180 6
181 10
182 6
183 6
184 6
185 9
186 10
187 6
188 10
189 8
190 4
191 9
192 10
193 8
194 6
195 10
196 7
197 8
198 8
199 7
200 11
201 10
202 9
203 8
204 10
205 10
206 9
207 6
208 9
209 10
210 2
211 10
