# # 1. Index 2. Generation
0 0
1 0
2 0
3 0
4 0
5 0
6 0
7 0
8 0
9 0
10 0
11 0
12 0
13 0
14 0
15 0
16 0
17 0
18 0
19 0
20 0
21 0
22 0
23 0
24 0
25 0
26 0
27 0
28 0
29 0
30 0
31 0
32 0
33 0
34 0
35 0
36 0
37 0
38 0
39 0
40 0
41 0
42 0
43 0
44 0
45 0
46 0
47 0
48 0
49 0
50 0
51 0
52 0
53 0
54 0
55 0
56 0
57 0
58 0
59 0
60 0
61 0
62 0
63 0
64 0
65 0
66 0
67 0
68 0
69 0
70 0
71 0
72 0
73 0
74 0
75 0
76 0
77 0
78 0
79 0
80 0
81 0
82 0
83 0
84 1
85 2
86 2
87 3
88 4
89 4
90 5
91 6
92 3
93 4
94 6
95 7
96 7
97 4
98 2
99 4
100 8
101 4
102 3
103 5
104 5
105 5
106 5
107 6
108 8
109 8
110 4
111 5
112 9
113 4
114 5
115 5
116 9
117 6
118 6
119 5
120 6
121 6
122 6
123 4
124 7
125 9
126 7
127 7
128 6
129 6
130 6
131 8
132 6
133 8
134 9
135 3
136 9
137 6
138 7
139 7
140 5
141 9
142 4
143 10
144 7
145 9
146 7
147 9
148 7
149 3
150 7
151 5
152 3
153 10
154 9
155 9
156 10
157 9
158 5
159 5
160 7
161 10
162 8
163 10
164 10
165 10
166 5
167 3
168 6
169 9
170 6
171 8
172 10
173 10
174 11
175 7
176 6
177 8
178 9
179 10
180 5
181 9
182 10
183 5
184 11
185 5
186 3
187 10
188 9
189 10
190 10
191 10
192 7
193 8
