# # 1. Index 2. Generation
0 0
1 0
2 0
3 0
4 0
5 0
6 0
7 0
8 0
9 0
10 0
11 0
12 0
13 0
14 0
15 0
16 0
17 0
18 0
19 0
20 0
21 0
22 0
23 0
24 0
25 0
26 0
27 0
28 0
29 0
30 0
31 0
32 0
33 0
34 0
35 0
36 0
37 0
38 0
39 0
40 0
41 0
42 0
43 0
44 0
45 0
46 0
47 0
48 0
49 0
50 0
51 0
52 0
53 0
54 0
55 0
56 0
57 0
58 0
59 0
60 0
61 0
62 0
63 0
64 0
65 0
66 0
67 0
68 0
69 0
70 0
71 0
72 0
73 0
74 0
75 0
76 0
77 0
78 0
79 0
80 0
81 0
82 0
83 0
84 1
85 2
86 3
87 3
88 4
89 4
90 4
91 5
92 4
93 3
94 5
95 5
96 6
97 6
98 7
99 7
100 7
101 7
102 3
103 7
104 7
105 8
106 8
107 8
108 9
109 6
110 9
111 4
112 9
113 2
114 5
115 6
116 8
117 5
118 5
119 7
120 8
121 10
122 8
123 7
124 5
125 5
126 9
127 6
128 5
129 5
130 10
131 3
132 9
133 5
134 9
135 5
136 10
137 3
138 10
139 6
140 10
141 10
142 11
143 10
144 6
145 6
146 6
147 6
148 8
149 6
150 8
151 10
152 5
153 6
154 3
155 10
156 11
157 6
158 11
159 10
160 4
161 6
162 6
163 8
164 10
165 8
166 7
167 6
168 7
169 10
