# # 1. Index 2. Generation
0 0
1 0
2 0
3 0
4 0
5 0
6 0
7 0
8 0
9 0
10 0
11 0
12 0
13 0
14 0
15 0
16 0
17 0
18 0
19 0
20 0
21 0
22 0
23 0
24 0
25 0
26 0
27 0
28 0
29 0
30 0
31 0
32 0
33 0
34 0
35 0
36 0
37 0
38 0
39 0
40 0
41 0
42 0
43 0
44 0
45 0
46 0
47 0
48 0
49 0
50 0
51 0
52 0
53 0
54 0
55 0
56 0
57 0
58 0
59 0
60 0
61 0
62 0
63 0
64 0
65 0
66 0
67 0
68 0
69 0
70 0
71 0
72 0
73 0
74 0
75 0
76 0
77 0
78 0
79 0
80 0
81 0
82 0
83 0
84 1
85 2
86 2
87 3
88 3
89 4
90 4
91 5
92 4
93 2
94 3
95 3
96 4
97 5
98 3
99 6
100 5
101 5
102 6
103 7
104 7
105 4
106 8
107 8
108 4
109 7
110 5
111 6
112 9
113 5
114 4
115 4
116 9
117 9
118 8
119 7
120 5
121 6
122 10
123 7
124 9
125 8
126 8
127 9
128 7
129 9
130 7
131 6
132 6
133 9
134 10
135 10
136 9
137 6
138 10
139 5
140 11
141 10
142 7
143 4
144 11
145 10
146 10
147 5
148 10
149 10
150 7
151 11
152 10
153 11
154 6
155 10
156 7
157 12
158 11
159 5
160 12
161 8
162 7
163 11
164 11
165 12
166 7
167 11
168 3
169 9
170 12
171 11
172 7
173 10
174 7
175 11
176 4
177 8
178 6
179 9
180 6
181 8
182 10
183 6
184 7
185 9
186 7
187 5
188 10
189 7
190 8
191 7
192 9
193 9
194 7
195 7
196 7
197 7
198 7
199 7
200 9
201 3
202 8
203 7
204 7
205 7
206 6
207 9
208 7
209 7
210 7
211 8
212 7
213 12
214 8
215 7
216 8
217 7
218 7
219 11
220 7
221 7
222 9
223 11
224 8
225 9
226 6
227 5
228 4
229 9
230 7
231 11
232 8
233 7
234 8
235 9
236 7
237 4
238 4
239 7
240 9
241 8
242 6
243 11
244 8
