# # 1. Index 2. Generation
0 0
1 0
2 0
3 0
4 0
5 0
6 0
7 0
8 0
9 0
10 0
11 0
12 0
13 0
14 0
15 0
16 0
17 0
18 0
19 0
20 0
21 0
22 0
23 0
24 0
25 0
26 0
27 0
28 0
29 0
30 0
31 0
32 0
33 0
34 0
35 0
36 0
37 0
38 0
39 0
40 0
41 0
42 0
43 0
44 0
45 0
46 0
47 0
48 0
49 0
50 0
51 0
52 0
53 0
54 0
55 0
56 0
57 0
58 0
59 0
60 0
61 0
62 0
63 0
64 0
65 0
66 0
67 0
68 0
69 0
70 0
71 0
72 0
73 0
74 0
75 0
76 0
77 0
78 0
79 0
80 0
81 0
82 0
83 0
84 1
85 2
86 2
87 3
88 3
89 4
90 5
91 5
92 5
93 4
94 5
95 5
96 6
97 5
98 6
99 7
100 6
101 8
102 7
103 2
104 7
105 8
106 6
107 6
108 2
109 8
110 8
111 7
112 6
113 8
114 9
115 3
116 8
117 3
118 5
119 6
120 3
121 6
122 9
123 9
124 9
125 7
126 10
127 10
128 7
129 4
130 8
131 3
132 9
133 8
134 9
135 9
136 7
137 11
138 9
139 8
140 11
141 9
142 6
143 10
144 10
145 4
146 8
147 7
148 10
149 8
150 10
151 6
152 6
153 6
154 9
155 7
156 5
157 4
158 4
159 11
160 10
161 8
162 7
163 10
164 5
165 9
166 5
167 6
168 10
169 10
170 7
171 8
172 5
173 5
174 11
175 5
176 9
177 6
178 5
179 4
180 8
181 9
182 8
183 10
184 10
185 11
186 5
187 10
188 7
189 3
190 11
191 10
192 10
193 6
194 11
195 8
196 5
197 10
198 6
199 8
200 10
201 9
202 8
203 9
204 10
205 8
206 5
207 11
208 8
209 9
210 8
