 #Weights n_i/n (ratio of number of chains) of each polymer found in the topology file in the same order
0.0127443761586460
0.0100563877236720
0.0073223123220102
0.0076849442239952
0.0058195716538885
0.0125506632714694
0.0129013198831457
0.0056392336009990
0.0065775418191496
0.0066298794053311
0.0098345794448545
0.0098266380371898
0.0040466166071357
0.0072174544048637
0.0093024363081150
0.0071894416293780
0.0066423717964790
0.0070593270082140
0.0089039526199376
0.0100542063691378
0.0164263483313710
0.0040839731765178
0.0067579210301148
0.0113141431696341
0.0105807127225633
0.0114604777624575
0.0087724688945390
0.0064007979019338
0.0089715096581984
0.0064144508735199
0.0082416586957917
0.0049721627376870
0.0081575401617055
0.0077036952786204
0.0129194873273632
0.0065207051229431
0.0077981290565208
0.0105633993300456
0.0089200976623655
0.0072007254861462
0.0060518441100591
0.0078735688103247
0.0082026091314871
0.0049826591135248
0.0070230864656765
0.0058482048782012
0.0186294018653289
0.0062597778305446
0.0053125729169539
0.0191464149776153
0.0057400983722195
0.0064133408403570
0.0088349826397733
0.0068782682687680
0.0077908434978890
0.0090565650958950
0.0082344938250990
0.0062416696597254
0.0069477993797210
0.0075355067925654
0.0092503615341933
0.0051543082791874
0.0064597653406269
0.0084455855129134
0.0109603688220714
0.0122073578238584
0.0051238850399821
0.0063858977094434
0.0064405030622974
0.0057577103328513
0.0060487238068242
0.0057177373818046
0.0116764359008149
0.0083374510245002
0.0085054582177981
0.0061994365200489
0.0055036293890574
0.0071837679509047
0.0038577714876004
0.0119272695360854
0.0054911959735347
0.0136029379968417
0.0068083245920244
0.0089827898143338
0.0043114862229373
0.0087917610655103
0.0069160727542493
0.0033787569300229
0.0120352791961020
0.0066749064174171
0.0053244004905393
0.0072125758356702
0.0071940536286069
0.0044554920498550
0.0138534082588879
0.0052239516084830
0.0086398831628739
0.0087703577660496
0.0088525707712480
0.0087003839975307
0.0081729490932009
0.0078878148566295
0.0115783406318639
0.0048641060237563
0.0055085581158855
0.0058663990448638
0.0051681133733715
0.0084509686407906
0.0055852360570098
0.0091554815213974
0.0052354201275185
0.0063085590600834
0.0052115667723906
0.0044114478923178
0.0100739541641449
0.0075891956052840
0.0079528955974010
0.0040057877284602
0.0050214275081419
0.0069337748564086
0.0078407817838958
0.0046418791483602
0.0075321541395698
0.0044590690611085
0.0081804763185093
0.0045814792707199
0.0102838741061031
0.0059469091558524
