 # 1.Target node 2.Generation 3.Max point 4.Mean distance
         118           4   2.1093750000000009        2.3335763355577055     
         119           4   2.1093750000000009        2.3335763355577055     
         104           3   2.1093750000000009        2.3490185205394258     
         106           6   2.3437500000000009        2.4526096819778371     
         108           7   2.3437500000000009        2.4550367872865455     
         117           7   2.3437500000000009        2.4674067245240043     
          93           4   2.3437500000000009        2.3823581288003366     
         114           3   2.1093750000000009        2.3481526114056495     
         120           5   2.3437500000000009        2.4338955372146578     
