 # 1.Target node 2.Generation 3.Max point 4.Mean distance
         113           7   2.3437500000000009        2.4533323754684533     
         121           7   2.3437500000000009        2.4673080433583445     
         114           7   2.3437500000000009        2.4277217885209250     
         117           7   2.3437500000000009        2.4641442977100008     
         118           4   2.1093750000000009        2.3287132185843968     
         120           4   2.1093750000000009        2.3442252491675979     
          93           4   2.3437500000000009        2.3584028848588425     
         119           5   2.3437500000000009        2.4203173550064796     
          97           2   2.1093750000000009        2.2851317763459855     
