 #Weights n_i/n (ratio of number of chains) of each polymer found in the topology file in the same order
0.0133609151778218
0.0106659470722167
0.0073579254958346
0.0072079414438707
0.0063016941501601
0.0116935555226494
0.0139394595037343
0.0062985592468829
0.0060932119646222
0.0065503053198745
0.0100597823502632
0.0095275412557363
0.0047171867042138
0.0072532470298194
0.0094607360311021
0.0068345409715474
0.0067389428535224
0.0072501967188235
0.0081320014831104
0.0102543808346028
0.0178895083356149
0.0044211176215623
0.0066468299457878
0.0119015128791195
0.0103737931084582
0.0109055521571481
0.0080728998944418
0.0061837196734887
0.0092057805758166
0.0069324732755804
0.0080360595041549
0.0053983070815399
0.0083065643458505
0.0080348023312654
0.0114736606133102
0.0059804475148775
0.0077689116295814
0.0096353389642289
0.0088648061088455
0.0083905319460489
0.0063830698559890
0.0073387584330142
0.0081069347769178
0.0048504908553554
0.0071889445609787
0.0056155215098469
0.0175846594706306
0.0063727120713478
0.0049128795810847
0.0192264738235415
0.0057589970545316
0.0058013577903606
0.0085005325134741
0.0064144038708702
0.0072165033492478
0.0093707873764745
0.0093363684154332
0.0069349930327261
0.0072755640125964
0.0074018735006757
0.0084399875299484
0.0051845851473249
0.0063733441453025
0.0083680288169837
0.0106599174578196
0.0118482744791089
0.0046117068130705
0.0061666414088370
0.0066121093671218
0.0055291216038122
0.0065588314263755
0.0056573104197368
0.0107644962772174
0.0081086781855518
0.0081705026205457
0.0071094719541262
0.0062180304324192
0.0072881857427764
0.0042960545920521
0.0111878651760960
0.0057718583670237
0.0153349930136141
0.0064822458445568
0.0086475678634190
0.0043786157767437
0.0079044306802497
0.0072583575405424
0.0035515168567897
0.0112266806913247
0.0068865623585136
0.0052824405684920
0.0067492922946803
0.0075462093680920
0.0042789516422135
0.0143658071196537
0.0052471112964554
0.0079062842761580
0.0091118994959387
0.0088714490424803
0.0088157086008630
0.0089397269557784
0.0075649378061231
0.0111892191415888
0.0050848433925765
0.0056185660906506
0.0056187202544644
0.0044753477147261
0.0079371530099081
0.0056397284940361
0.0096007664104664
0.0051152714753371
0.0066882192750516
0.0054712446478687
0.0048852394606147
0.0099934865615407
0.0071437865697864
0.0075268981385666
0.0038763446691835
0.0058544378844805
0.0071784459497898
0.0081109269513091
0.0048290979008297
0.0081702462771536
0.0049995408716328
0.0073186604155461
0.0050813188867978
0.0097012811448659
0.0059029028630689
