 # 1.Target node 2.Generation 3.Max point 4.Mean distance
         111           3   1.8750000000000009        2.1247379781614963     
         112           3   1.8750000000000009        2.1347703386924008     
         113           6   2.1093750000000009        2.2289857873422494     
         107           7   2.1093750000000009        2.2424457277649288     
         108           8   2.1093750000000009        2.2591059750824551     
         114           8   2.1093750000000009        2.2591059750824551     
          97           4   1.8750000000000009        2.1428466352732465     
         103           5   2.1093750000000009        2.1870232417208184     
         105           3   1.8750000000000009        2.1225985911530332     
