 #Weights n_i/n (ratio of number of chains) of each polymer found in the topology file in the same order
0.0152290963030374
0.0112002089318028
0.0069883882218915
0.0068209655826779
0.0057304075271461
0.0127755048455377
0.0161442458978338
0.0057381201507142
0.0054921662962659
0.0060767950647820
0.0105669031847028
0.0098492002119255
0.0039996758598156
0.0069167875116164
0.0097141726828104
0.0063720198004638
0.0062629818274197
0.0068924157913351
0.0080708339492230
0.0107687969411507
0.0230648520030341
0.0036861487082907
0.0061928223449506
0.0129580096622563
0.0109702498575648
0.0116669537563317
0.0079333455628389
0.0056663197600330
0.0093606673644074
0.0064931548135809
0.0078916446544585
0.0047141271489219
0.0082261945400844
0.0078175256244701
0.0126776316829515
0.0054360727272936
0.0075504781122402
0.0100014747185288
0.0089536712791470
0.0081424393283622
0.0058549434565710
0.0069947268007536
0.0079974411967237
0.0041518001993662
0.0068269180679341
0.0050152038112844
0.0226518619576892
0.0058267022569923
0.0042443654022724
0.0263525085192944
0.0051468062511987
0.0052138459488806
0.0084857820141348
0.0058683530375301
0.0069072939833759
0.0095408204885757
0.0094272606790619
0.0064476429948530
0.0069323905860538
0.0070790228502258
0.0084126718963038
0.0045491240128987
0.0058124410243838
0.0082565894769458
0.0113662522639871
0.0130519208746695
0.0039331287845129
0.0056278385105493
0.0061504789610966
0.0048947046708540
0.0060654844570309
0.0050251578350108
0.0115890859000749
0.0079098474051788
0.0080854770973315
0.0066547239975323
0.0056053133533591
0.0069833403625525
0.0035833550134399
0.0120865217695240
0.0051658184153795
0.0186042901847312
0.0059911124813336
0.0086668962884304
0.0036742491963067
0.0077485174228875
0.0069161823663108
0.0028449667185005
0.0121914280559773
0.0064503418711133
0.0046357006868930
0.0063448132624198
0.0072291116298481
0.0035821425020534
0.0171704231781071
0.0045478686733903
0.0077730332201511
0.0092302127900852
0.0089450053457057
0.0089573737575420
0.0089333790753457
0.0072636160397908
0.0119624286627546
0.0044046346302661
0.0050179422708277
0.0050116360728791
0.0037919233583097
0.0077919814748670
0.0049750101130279
0.0098803218264114
0.0044574362448259
0.0062205296078878
0.0048272246844674
0.0041733337720239
0.0105204071613680
0.0068043100601275
0.0072893765302538
0.0031713839832783
0.0052046473689153
0.0068144592182583
0.0079425636698534
0.0041248013323192
0.0079838305089241
0.0042953740521478
0.0070152126193324
0.0043820715535293
0.0101122309796495
0.0053358266792856
