          21
   7.2656249999999991        2.7796490481448989E-004
   7.0312499999999991        2.7985802560855951E-004
   6.7968749999999991        2.7794758944853980E-004
   6.5624999999999991        2.7989459122146484E-004
   6.3281249999999991        2.7791998279690631E-004
   6.0937499999999991        2.7997992881769287E-004
   5.8593749999999991        2.7792559067585360E-004
   5.6249999999999991        2.8022831598575095E-004
   5.3906249999999991        2.7821656757182165E-004
   5.1562499999999991        2.8127040124057220E-004
   4.9218749999999991        2.8032259234453486E-004
   4.6874999999999991        2.8702069719413741E-004
   4.4531249999999991        2.9436759971050047E-004
   4.2187499999999991        3.2440032501987253E-004
   3.9843749999999991        3.9295583274415863E-004
   3.7499999999999991        5.9156970854340398E-004
   3.5156249999999991        1.1172318905870321E-003
   3.2812499999999991        2.5433402687857786E-003
   3.0468749999999991        6.2050918469853831E-003
   2.8124999999999991        1.4900492197611710E-002
   2.5781249999999991        3.2591741200504669E-002
   2.3437499999999991        6.0631139346011227E-002
   2.1093749999999991        8.9470253562778684E-002
   1.8749999999999991        9.5978492657040129E-002
   1.6406249999999991        6.4711374359326182E-002
   1.4062499999999991        2.2855878631041882E-002
   1.1718749999999991        4.7449032569672912E-003
  0.93749999999999911        8.3498059252064510E-004
  0.70312499999999911        1.2501328681990744E-004
  0.46874999999999911        7.0699153355247590E-005
  0.23437499999999911        4.0529651217087265E-005
  -8.8817841970012523E-016   5.9579751070700859E-005
 -0.23437500000000089        4.0529661045102789E-005
 -0.46875000000000089        7.0699000476028934E-005
 -0.70312500000000089        1.2501210424991345E-004
 -0.93750000000000089        8.3497213197297163E-004
  -1.1718750000000009        4.7448565224822393E-003
  -1.4062500000000009        2.2855710113608829E-002
  -1.6406250000000009        6.4711127215697245E-002
  -1.8750000000000009        9.5978426323469104E-002
  -2.1093750000000009        8.9470385818827020E-002
  -2.3437500000000009        6.0631322711065298E-002
  -2.5781250000000009        3.2591877382948352E-002
  -2.8125000000000009        1.4900565449004307E-002
  -3.0468750000000009        6.2051245904236893E-003
  -3.2812500000000009        2.5433532337929840E-003
  -3.5156250000000009        1.1172368476819272E-003
  -3.7500000000000009        5.9157148609903770E-004
  -3.9843750000000009        3.9295652761521749E-004
  -4.2187500000000009        3.2440055106284257E-004
  -4.4531250000000009        2.9436771136552098E-004
  -4.6875000000000009        2.8702071872600929E-004
  -4.9218750000000009        2.8032261874737295E-004
  -5.1562500000000009        2.8127039701953565E-004
  -5.3906250000000009        2.7821657828847599E-004
  -5.6250000000000009        2.8022831012491570E-004
  -5.8593750000000009        2.7792559677571792E-004
  -6.0937500000000009        2.7997992440194060E-004
  -6.3281250000000009        2.7791998655508091E-004
  -6.5625000000000009        2.7989458841911919E-004
  -6.7968750000000009        2.7794759153708067E-004
  -7.0312500000000009        2.7985802426041016E-004
  -7.2656250000000009        2.7796490548728147E-004
  -7.5000000000000009        2.7984718190668265E-004
