 #Weights n_i/n (ratio of number of chains) of each polymer found in the topology file in the same order
0.0102651736552863
0.0092592705143991
0.0077131557076723
0.0074566140555673
0.0065252334631454
0.0103922906516230
0.0101038350466369
0.0070654943929500
0.0064645025351110
0.0084031961459267
0.0098179374675722
0.0089825150733039
0.0054952295769323
0.0081314036762825
0.0086405489629150
0.0069398226164680
0.0068491954601312
0.0076058916717925
0.0093315792401328
0.0089438755338588
0.0111593093677713
0.0054121060660755
0.0078003477461415
0.0095600510481867
0.0099582211966157
0.0097862268094091
0.0081526033637587
0.0072792690781558
0.0086707651654960
0.0076096727397760
0.0082647976994512
0.0061951579963810
0.0082204812778358
0.0077723283684259
0.0107935061101837
0.0066041665311379
0.0086079251879857
0.0085733759040839
0.0091421333115283
0.0081828498032073
0.0065823127774530
0.0082763348918179
0.0079033512240068
0.0059832689529230
0.0077089698964356
0.0068431232869413
0.0115130285752902
0.0070142627564915
0.0065110402346175
0.0140122905368946
0.0063576608379887
0.0068894657216688
0.0085148701887565
0.0063441850461594
0.0078132038178537
0.0090164789919602
0.0080081814362646
0.0068878095015097
0.0079242548043137
0.0072462903202286
0.0086743032643247
0.0063017296768658
0.0070793670007811
0.0079690595526296
0.0094140861854375
0.0097934472549507
0.0063174210938617
0.0069110878299572
0.0072078601316972
0.0063562354403099
0.0069178669528228
0.0063621649239629
0.0092273743810265
0.0081136525359462
0.0085037613232740
0.0072683337307160
0.0065035874071481
0.0074750597798451
0.0052435712020109
0.0098136069054854
0.0068372052009054
0.0108416743178209
0.0076393216688698
0.0089703887465624
0.0056850190256922
0.0074619338862091
0.0074380828969249
0.0053009121356875
0.0099802323597417
0.0075653411854815
0.0064549737082988
0.0072535643052032
0.0078592059298812
0.0056525686194992
0.0110854848050359
0.0056446394865053
0.0078687726326524
0.0087402211721853
0.0085180047377395
0.0090737778119305
0.0078742700782861
0.0079040058579969
0.0093790482560144
0.0059092385488260
0.0063485756686295
0.0064370173122226
0.0060897300612574
0.0081667308351542
0.0069460966383557
0.0083247037376865
0.0064361904216346
0.0074723307041185
0.0062714504879336
0.0054744293176188
0.0097766470554247
0.0076223201884123
0.0081292458953332
0.0056149033300980
0.0066650291125407
0.0080360814755495
0.0080699944281679
0.0052521943608425
0.0086101348153680
0.0062375101392557
0.0076523620233694
0.0062261211476214
0.0092407873226669
0.0070255055548460
