 #Weights n_i/n (ratio of number of chains) of each polymer found in the topology file in the same order
0.0078134873373132
0.0078131134725264
0.0078124664495402
0.0078124842708572
0.0078120662392451
0.0078133932445338
0.0078134800331181
0.0078121032020619
0.0078120461204678
0.0078124031612269
0.0078131567678444
0.0078130778442729
0.0078111264380239
0.0078126387985102
0.0078130960724610
0.0078124161168446
0.0078123836612970
0.0078125354888225
0.0078128913085882
0.0078131529541671
0.0078136278028592
0.0078109934830351
0.0078124445824957
0.0078133184128103
0.0078131583717373
0.0078132130932869
0.0078127719708842
0.0078123336931975
0.0078130475412150
0.0078124499344234
0.0078127999598174
0.0078117612564076
0.0078128541850537
0.0078126993430289
0.0078134498939482
0.0078123616973726
0.0078127284411364
0.0078131359712126
0.0078130299023394
0.0078125030754015
0.0078123474871567
0.0078126270484664
0.0078128539395817
0.0078115414811378
0.0078125938815744
0.0078120534175412
0.0078136471150334
0.0078121957814778
0.0078117713816199
0.0078139794278966
0.0078119602320931
0.0078121878517670
0.0078129193729953
0.0078122620044155
0.0078127105969180
0.0078130354040148
0.0078129113292350
0.0078122859140334
0.0078126111568412
0.0078126993332872
0.0078129186365518
0.0078118989293408
0.0078121135738044
0.0078128244417054
0.0078132298385284
0.0078134371447871
0.0078116686493317
0.0078122881366448
0.0078124496159268
0.0078119098164280
0.0078123052298946
0.0078119239247134
0.0078132693648607
0.0078127550082592
0.0078128808530776
0.0078123760451690
0.0078118117207722
0.0078126952433059
0.0078110918304006
0.0078132891141719
0.0078120177544573
0.0078135657168813
0.0078123423139218
0.0078129669510124
0.0078113893105659
0.0078128038317351
0.0078125463166533
0.0078101187911330
0.0078133703569113
0.0078125176103741
0.0078118678211662
0.0078125410574881
0.0078125637285623
0.0078112550951144
0.0078135336382111
0.0078116733905923
0.0078128492665576
0.0078129715448146
0.0078129851197462
0.0078130631225095
0.0078128791634796
0.0078126501255363
0.0078131986486555
0.0078116674600806
0.0078120177866700
0.0078119776255281
0.0078115389519223
0.0078128088198559
0.0078117377443258
0.0078131105956393
0.0078118149610998
0.0078124000257875
0.0078119222728544
0.0078112525015403
0.0078131606040720
0.0078126795109173
0.0078127215335582
0.0078109514032313
0.0078116940810815
0.0078126091971769
0.0078127519106085
0.0078112127918916
0.0078126954113778
0.0078114289327058
0.0078127122907386
0.0078115868284164
0.0078131429335624
0.0078122002811332
