 # 1.Target node 2.Generation 3.Max point 4.Mean distance
         106           6   2.1093750000000009        2.1939244876039061     
         107           6   2.1093750000000009        2.1863735200867493     
         109           5   2.1093750000000009        2.1845451586065736     
         103           3   2.1093750000000009        2.0961429388642911     
         105           3   2.1093750000000009        2.0961429388642911     
          96           6   2.1093750000000009        2.2186431313542316     
          97           6   2.1093750000000009        2.2103237931640867     
         108           3   2.1093750000000009        2.1587799993755041     
          98           5   2.1093750000000009        2.1917842829573666     
