 # 1.Target node 2.Generation 3.Max point 4.Mean distance
         100           4   2.1093750000000009        2.1931085331132119     
         110           4   2.1093750000000009        2.2007515672588549     
         111           6   2.1093750000000009        2.2819694485960857     
         114           6   2.1093750000000009        2.2673300188087446     
         108           7   2.1093750000000009        2.2905623004713327     
         112           7   2.1093750000000009        2.3051539738964166     
          99           2   2.1093750000000009        2.1701209720512740     
         113           4   2.1093750000000009        2.2332737575258204     
          95           6   2.1093750000000009        2.2604047730236827     
