          34
   7.2656249999999991        4.5149501179789691E-004
   7.0312499999999991        4.5163563435609557E-004
   6.7968749999999991        4.5150073469228105E-004
   6.5624999999999991        4.5164778116317083E-004
   6.3281249999999991        4.5153056357982767E-004
   6.0937499999999991        4.5171228715712577E-004
   5.8593749999999991        4.5168427669355652E-004
   5.6249999999999991        4.5206024506942477E-004
   5.3906249999999991        4.5251895253036758E-004
   5.1562499999999991        4.5404808866526174E-004
   4.9218749999999991        4.5744813648997823E-004
   4.6874999999999991        4.6644076396079034E-004
   4.4531249999999991        4.8956171147580970E-004
   4.2187499999999991        5.5113819035526666E-004
   3.9843749999999991        7.1708566506252470E-004
   3.7499999999999991        1.1656434331952423E-003
   3.5156249999999991        2.3616032572064912E-003
   3.2812499999999991        5.4089820584814234E-003
   3.0468749999999991        1.2533734622171697E-002
   2.8124999999999991        2.6907145950317898E-002
   2.5781249999999991        4.9856353042933003E-002
   2.3437499999999991        7.4759884408248961E-002
   2.1093749999999991        8.5611707158052622E-002
   1.8749999999999991        7.0131523199206069E-002
   1.6406249999999991        3.6839939498811210E-002
   1.4062499999999991        1.0782167380627301E-002
   1.1718749999999991        1.9501999914254000E-003
  0.93749999999999911        3.0431027630962315E-004
  0.70312499999999911        4.0776286035678281E-005
  0.46874999999999911        1.4947289463665805E-005
  0.23437499999999911        3.9525907689514243E-006
  -8.8817841970012523E-016   6.3604367760385643E-006
 -0.23437500000000089        3.9525854266537726E-006
 -0.46875000000000089        1.4947193730776422E-005
 -0.70312500000000089        4.0775889755654179E-005
 -0.93750000000000089        3.0430694426582781E-004
  -1.1718750000000009        1.9501797889227054E-003
  -1.4062500000000009        1.0782078083376005E-002
  -1.6406250000000009        3.6839750731037395E-002
  -1.8750000000000009        7.0131366743100276E-002
  -2.1093750000000009        8.5611700252172393E-002
  -2.3437500000000009        7.4760006193138828E-002
  -2.5781250000000009        4.9856503698398218E-002
  -2.8125000000000009        2.6907255308578168E-002
  -3.0468750000000009        1.2533793858775059E-002
  -3.2812500000000009        5.4090087471995842E-003
  -3.5156250000000009        2.3616140659510243E-003
  -3.7500000000000009        1.1656475257638486E-003
  -3.9843750000000009        7.1708719844013210E-004
  -4.2187500000000009        5.5113874509944163E-004
  -4.4531250000000009        4.8956192917909793E-004
  -4.6875000000000009        4.6644083843419836E-004
  -4.9218750000000009        4.5744817258484805E-004
  -5.1562500000000009        4.5404809714904724E-004
  -5.3906250000000009        4.5251896097937952E-004
  -5.6250000000000009        4.5206024443408680E-004
  -5.8593750000000009        4.5168427989343649E-004
  -6.0937500000000009        4.5171228568385434E-004
  -6.3281250000000009        4.5153056524321471E-004
  -6.5625000000000009        4.5164778008377075E-004
  -6.7968750000000009        4.5150073556895522E-004
  -7.0312500000000009        4.5163563381831249E-004
  -7.2656250000000009        4.5149501207646624E-004
  -7.5000000000000009        4.5163375317083251E-004
