          12
   7.2656249999999991        1.5760705527173861E-004
   7.0312499999999991        1.6115998963071989E-004
   6.7968749999999991        1.5756765530150116E-004
   6.5624999999999991        1.6122616576699466E-004
   6.3281249999999991        1.5748989294779741E-004
   6.0937499999999991        1.6135585924756274E-004
   5.8593749999999991        1.5739219563691532E-004
   5.6249999999999991        1.6162441181037247E-004
   5.3906249999999991        1.5740815694980338E-004
   5.1562499999999991        1.6241213192929127E-004
   4.9218749999999991        1.5839921477525735E-004
   4.6874999999999991        1.6600248292610476E-004
   4.4531249999999991        1.6615606488878853E-004
   4.2187499999999991        1.8792997296785731E-004
   3.9843749999999991        2.2240506099603584E-004
   3.7499999999999991        3.4283587120513179E-004
   3.5156249999999991        6.4346520897645731E-004
   3.2812499999999991        1.5024517293495843E-003
   3.0468749999999991        3.7697940656620807E-003
   2.8124999999999991        9.5545391761998090E-003
   2.5781249999999991        2.2576129034437634E-002
   2.3437499999999991        4.6840535376317889E-002
   2.1093749999999991        7.9412841331004555E-002
   1.8749999999999991       0.10020925221195506     
   1.6406249999999991        8.0608614314801236E-002
   1.4062499999999991        3.4852812027418904E-002
   1.1718749999999991        9.8184665020797056E-003
  0.93749999999999911        3.1704273635003379E-003
  0.70312499999999911        1.9574423450637920E-003
  0.46874999999999911        2.1642075061862214E-003
  0.23437499999999911        2.4764755694324844E-003
  -8.8817841970012523E-016   2.6613419553723682E-003
 -0.23437500000000089        2.4764773150857777E-003
 -0.46875000000000089        2.1642096711515612E-003
 -0.70312500000000089        1.9574413716932889E-003
 -0.93750000000000089        3.1704122999691112E-003
  -1.1718750000000009        9.8183936419636731E-003
  -1.4062500000000009        3.4852604838436392E-002
  -1.6406250000000009        8.0608400576762940E-002
  -1.8750000000000009       0.10020928402742990     
  -2.1093750000000009        7.9413028044240760E-002
  -2.3437500000000009        4.6840708897207047E-002
  -2.5781250000000009        2.2576234476392010E-002
  -2.8125000000000009        9.5545890249952754E-003
  -3.0468750000000009        3.7698146862671271E-003
  -3.2812500000000009        1.5024594468302417E-003
  -3.5156250000000009        6.4346811478443230E-004
  -3.7500000000000009        3.4283686988589098E-004
  -3.9843750000000009        2.2240547177889642E-004
  -4.2187500000000009        1.8793008953604036E-004
  -4.4531250000000009        1.6615613795648002E-004
  -4.6875000000000009        1.6600248745466238E-004
  -4.9218750000000009        1.5839923613506567E-004
  -5.1562500000000009        1.6241212434580271E-004
  -5.3906250000000009        1.5740816733008126E-004
  -5.6250000000000009        1.6162440495964643E-004
  -5.8593750000000009        1.5739220199103711E-004
  -6.0937500000000009        1.6135585440113325E-004
  -6.3281250000000009        1.5748989694324851E-004
  -6.5625000000000009        1.6122616274236775E-004
  -6.7968750000000009        1.5756765753206431E-004
  -7.0312500000000009        1.6115998818316994E-004
  -7.2656250000000009        1.5760705599074715E-004
  -7.5000000000000009        1.6113920302365697E-004
