# # 1. Index 2. Generation
0 0
1 0
2 0
3 0
4 0
5 0
6 0
7 0
8 0
9 0
10 0
11 0
12 0
13 0
14 0
15 0
16 0
17 0
18 0
19 0
20 0
21 0
22 0
23 0
24 0
25 0
26 0
27 0
28 0
29 0
30 0
31 0
32 0
33 0
34 0
35 0
36 0
37 0
38 0
39 0
40 0
41 0
42 0
43 0
44 0
45 0
46 0
47 0
48 0
49 0
50 0
51 0
52 0
53 0
54 0
55 0
56 0
57 0
58 0
59 0
60 0
61 0
62 0
63 0
64 0
65 0
66 0
67 0
68 0
69 0
70 0
71 0
72 0
73 0
74 0
75 0
76 0
77 0
78 0
79 0
80 0
81 0
82 0
83 0
84 1
85 2
86 3
87 3
88 3
89 4
90 5
91 5
92 4
93 5
94 5
95 5
96 5
97 6
98 7
99 8
100 5
101 5
102 3
103 6
104 9
105 4
106 5
107 9
108 6
109 5
110 5
111 6
112 6
113 2
114 7
115 7
116 6
117 7
118 8
119 7
120 8
121 6
122 7
123 8
124 9
125 9
126 7
127 8
128 9
129 7
130 5
131 7
132 6
133 9
134 10
135 10
136 7
137 7
138 7
139 7
140 7
141 8
142 7
143 7
144 8
145 4
146 2
147 8
148 8
149 8
150 3
151 8
152 5
153 9
154 9
155 8
156 10
157 7
158 8
159 9
160 9
161 9
162 9
163 4
164 10
165 8
166 9
167 8
168 5
169 7
170 10
171 10
172 8
173 7
174 9
175 10
176 3
177 7
178 10
179 3
180 9
181 8
182 9
183 4
184 3
185 10
186 3
187 8
188 7
189 9
190 9
191 10
192 8
193 8
194 6
195 8
196 3
197 10
198 8
199 8
200 10
201 6
202 7
203 10
204 11
205 10
206 10
207 7
208 10
209 9
210 8
211 3
212 10
213 8
214 8
215 10
216 9
217 8
218 10
219 10
220 8
221 10
222 10
223 8
224 8
225 7
226 6
227 8
228 10
229 4
230 9
231 7
232 8
233 10
234 10
235 10
236 6
237 8
238 10
239 8
240 3
241 10
242 8
243 9
244 11
245 11
246 10
247 7
248 8
