# # 1. Index 2. Generation
0 0
1 0
2 0
3 0
4 0
5 0
6 0
7 0
8 0
9 0
10 0
11 0
12 0
13 0
14 0
15 0
16 0
17 0
18 0
19 0
20 0
21 0
22 0
23 0
24 0
25 0
26 0
27 0
28 0
29 0
30 0
31 0
32 0
33 0
34 0
35 0
36 0
37 0
38 0
39 0
40 0
41 0
42 0
43 0
44 0
45 0
46 0
47 0
48 0
49 0
50 0
51 0
52 0
53 0
54 0
55 0
56 0
57 0
58 0
59 0
60 0
61 0
62 0
63 0
64 0
65 0
66 0
67 0
68 0
69 0
70 0
71 0
72 0
73 0
74 0
75 0
76 0
77 0
78 0
79 0
80 0
81 0
82 0
83 0
84 1
85 1
86 2
87 3
88 3
89 3
90 4
91 5
92 5
93 3
94 5
95 3
96 4
97 6
98 2
99 2
100 4
101 3
102 6
103 7
104 6
105 4
106 5
107 5
108 4
109 6
110 5
111 7
112 7
113 3
114 7
115 5
116 7
117 8
118 8
119 5
120 8
121 6
122 7
123 7
124 4
125 8
126 5
127 6
128 9
129 5
130 5
131 7
132 8
133 9
134 7
135 6
136 9
137 5
138 8
139 5
140 9
141 5
142 7
143 8
144 4
145 8
146 5
147 7
148 6
149 7
150 7
151 6
152 6
153 8
154 7
155 8
156 8
157 10
158 4
159 9
160 6
161 8
162 9
163 9
164 7
165 6
166 4
167 6
168 9
169 6
170 8
171 8
172 9
173 6
174 9
175 8
176 9
177 5
178 10
179 6
180 8
181 7
182 10
183 5
184 8
