# # 1. Index 2. Generation
0 0
1 0
2 0
3 0
4 0
5 0
6 0
7 0
8 0
9 0
10 0
11 0
12 0
13 0
14 0
15 0
16 0
17 0
18 0
19 0
20 0
21 0
22 0
23 0
24 0
25 0
26 0
27 0
28 0
29 0
30 0
31 0
32 0
33 0
34 0
35 0
36 0
37 0
38 0
39 0
40 0
41 0
42 0
43 0
44 0
45 0
46 0
47 0
48 0
49 0
50 0
51 0
52 0
53 0
54 0
55 0
56 0
57 0
58 0
59 0
60 0
61 0
62 0
63 0
64 0
65 0
66 0
67 0
68 0
69 0
70 0
71 0
72 0
73 0
74 0
75 0
76 0
77 0
78 0
79 0
80 0
81 0
82 0
83 0
84 1
85 1
86 2
87 3
88 4
89 4
90 5
91 5
92 5
93 3
94 5
95 2
96 6
97 4
98 6
99 7
100 4
101 2
102 6
103 3
104 7
105 3
106 7
107 5
108 6
109 8
110 6
111 3
112 6
113 9
114 7
115 4
116 6
117 7
118 5
119 7
120 10
121 6
122 3
123 6
124 4
125 4
126 7
127 7
128 4
129 3
130 7
131 8
132 5
133 6
134 7
135 5
136 7
137 8
138 6
139 5
140 4
141 6
142 8
143 7
144 6
145 7
146 4
147 7
148 4
149 5
150 4
151 5
152 9
153 5
154 7
155 4
156 11
157 5
158 7
159 6
160 10
161 11
162 8
163 7
164 6
165 8
166 8
167 8
168 7
169 8
170 8
171 5
172 9
173 9
174 7
175 8
176 8
177 5
178 8
179 9
180 5
181 5
182 9
183 9
184 5
185 6
186 6
187 8
188 8
189 6
190 11
191 5
192 8
193 6
194 9
195 7
196 9
197 8
198 11
199 5
200 8
201 5
202 5
203 5
204 9
205 8
206 5
207 9
208 7
209 8
210 7
211 11
212 5
213 11
214 8
215 5
216 8
217 11
218 8
219 6
220 9
221 8
222 9
223 8
224 11
225 8
226 5
