# # 1. Index 2. Generation
0 0
1 0
2 0
3 0
4 0
5 0
6 0
7 0
8 0
9 0
10 0
11 0
12 0
13 0
14 0
15 0
16 0
17 0
18 0
19 0
20 0
21 0
22 0
23 0
24 0
25 0
26 0
27 0
28 0
29 0
30 0
31 0
32 0
33 0
34 0
35 0
36 0
37 0
38 0
39 0
40 0
41 0
42 0
43 0
44 0
45 0
46 0
47 0
48 0
49 0
50 0
51 0
52 0
53 0
54 0
55 0
56 0
57 0
58 0
59 0
60 0
61 0
62 0
63 0
64 0
65 0
66 0
67 0
68 0
69 0
70 0
71 0
72 0
73 0
74 0
75 0
76 0
77 0
78 0
79 0
80 0
81 0
82 0
83 0
84 1
85 2
86 3
87 4
88 4
89 4
90 5
91 6
92 5
93 6
94 3
95 4
96 5
97 7
98 6
99 7
100 4
101 6
102 7
103 2
104 6
105 5
106 7
107 3
108 3
109 8
110 6
111 5
112 8
113 3
114 8
115 5
116 6
117 4
118 6
119 9
120 7
121 7
122 7
123 9
124 9
125 4
126 4
127 8
128 7
129 6
130 9
131 5
132 9
133 7
134 9
135 4
136 9
137 4
138 9
139 8
140 10
141 4
142 9
143 4
144 7
145 9
146 4
147 8
148 5
149 7
150 5
151 9
152 7
153 8
154 5
155 8
156 7
157 9
158 5
159 9
160 5
161 7
162 5
163 10
164 6
165 5
166 5
167 10
168 8
169 8
170 10
171 9
172 11
173 9
174 11
175 8
176 10
177 6
178 7
179 5
180 10
181 8
182 4
183 10
184 9
185 8
186 6
187 5
188 8
189 10
190 6
191 8
192 6
193 6
194 9
195 8
196 10
197 5
198 5
199 8
200 9
201 10
202 10
203 10
204 10
205 10
206 6
207 11
208 5
209 9
210 6
211 8
212 9
213 12
214 7
215 9
216 8
217 8
218 10
219 8
220 10
221 6
222 7
223 8
224 7
225 8
226 7
227 7
228 9
229 8
230 8
231 5
232 7
233 6
234 7
235 8
236 12
237 5
238 4
239 11
240 6
241 5
242 8
