          19
   7.2656249999999991        2.5124006954247422E-004
   7.0312499999999991        2.5345960232518890E-004
   6.7968749999999991        2.5121740060924920E-004
   6.5624999999999991        2.5350370079233782E-004
   6.3281249999999991        2.5117766812879030E-004
   6.0937499999999991        2.5360109229804312E-004
   5.8593749999999991        2.5115863185482987E-004
   5.6249999999999991        2.5385866148201590E-004
   5.3906249999999991        2.5138569092019543E-004
   5.1562499999999991        2.5485410108222446E-004
   4.9218749999999991        2.5324024386317868E-004
   4.6874999999999991        2.6015220609580311E-004
   4.4531249999999991        2.6591450663948765E-004
   4.2187499999999991        2.9429598725151538E-004
   3.9843749999999991        3.5569420618226217E-004
   3.7499999999999991        5.3900715553507135E-004
   3.5156249999999991        1.0211819202286061E-003
   3.2812499999999991        2.3430841674411010E-003
   3.0468749999999991        5.7493363084731644E-003
   2.8124999999999991        1.3894931511768804E-002
   2.5781249999999991        3.0560701492506934E-002
   2.3437499999999991        5.7200144011708032E-002
   2.1093749999999991        8.5038969493526739E-002
   1.8749999999999991        9.2942887783899322E-002
   1.6406249999999991        6.5867353493478234E-002
   1.4062499999999991        2.5213134003931902E-002
   1.1718749999999991        5.5368054784704947E-003
  0.93749999999999911        9.7519644775012713E-004
  0.70312499999999911        1.5701180259502021E-004
  0.46874999999999911        7.9950150461317700E-005
  0.23437499999999911        5.2027322370627780E-005
  -8.8817841970012523E-016   7.2177937623813210E-005
 -0.23437500000000089        5.2027324802163452E-005
 -0.46875000000000089        7.9950041977823146E-005
 -0.70312500000000089        1.5701041504664673E-004
 -0.93750000000000089        9.7518772558580940E-004
  -1.1718750000000009        5.5367567406261822E-003
  -1.4062500000000009        2.5212974938314561E-002
  -1.6406250000000009        6.5867155014804002E-002
  -1.8750000000000009        9.2942845877309749E-002
  -2.1093750000000009        8.5039084890923086E-002
  -2.3437500000000009        5.7200298107195791E-002
  -2.5781250000000009        3.0560814724590688E-002
  -2.8125000000000009        1.3894992004117153E-002
  -3.0468750000000009        5.7493631619635714E-003
  -3.2812500000000009        2.3430947516401893E-003
  -3.5156250000000009        1.0211859312738031E-003
  -3.7500000000000009        5.3900859516452237E-004
  -3.9843750000000009        3.5569475922988733E-004
  -4.2187500000000009        2.9429617218339904E-004
  -4.4531250000000009        2.6591459256987009E-004
  -4.6875000000000009        2.6015222596859349E-004
  -4.9218750000000009        2.5324026266663606E-004
  -5.1562500000000009        2.5485409959808108E-004
  -5.3906250000000009        2.5138569789555755E-004
  -5.6250000000000009        2.5385865812381611E-004
  -5.8593750000000009        2.5115863563666204E-004
  -6.0937500000000009        2.5360108966637507E-004
  -6.3281250000000009        2.5117767041660163E-004
  -6.5625000000000009        2.5350369910918442E-004
  -6.7968750000000009        2.5121740187260939E-004
  -7.0312500000000009        2.5345960151434445E-004
  -7.2656250000000009        2.5124006994859744E-004
  -7.5000000000000009        2.5344628223420383E-004
