   7.2656249999999991        9.1419189290942323E-004   9.1977843418682593E-004
   7.0312499999999991        9.1958033576468290E-004   9.1420596431555728E-004
   6.7968749999999991        9.1420521859839098E-004   9.2024579157884325E-004
   6.5624999999999991        9.1983461098033145E-004   9.1487126126226761E-004
   6.3281249999999991        9.1438492949978494E-004   9.2230581661657547E-004
   6.0937499999999991        9.2061336573632819E-004   9.1872443526624459E-004
   5.8593749999999991        9.1536245993235335E-004   9.3223202665246665E-004
   5.6249999999999991        9.2319829996950179E-004   9.4061997209099457E-004
   5.3906249999999991        9.1966005535065287E-004   9.8605760618826368E-004
   5.1562499999999991        9.3279448800672056E-004   1.0670490719476074E-003
   4.9218749999999991        9.3827652900080392E-004   1.2899877530173603E-003
   4.6874999999999991        9.7389058193800683E-004   1.7766625523491873E-003
   4.4531249999999991        1.0312188492425326E-003   2.9202534017037031E-003
   4.2187499999999991        1.2100814876862451E-003   5.3821897052793548E-003
   3.9843749999999991        1.5381464151064390E-003   1.0587389496048698E-002
   3.7499999999999991        2.2822671855748018E-003   2.0851776111281979E-002
   3.5156249999999991        4.0455053734761394E-003   3.9938362337817016E-002
   3.2812499999999991        8.5837323768768702E-003   7.1870129280101530E-002
   3.0468749999999991        2.0511850665233679E-002  0.11743687670954177     
   2.8124999999999991        5.3297302527185390E-002  0.16387322765283838     
   2.5781249999999991       0.15291387601458695       0.17612747915268612     
   2.3437499999999991       0.41504414522380478       0.11747156137748332     
   2.1093749999999991       0.70274077247320776        3.9801531460206888E-002
   1.8749999999999991       0.78793378222987043        1.0695825906782338E-002
   1.6406249999999991       0.79972089154701687        3.6487139070409563E-003
   1.4062499999999991       0.79895232137180439        1.7282287998535417E-003
   1.1718749999999991       0.79511569940178206        1.1054430211075771E-003
  0.93749999999999911       0.79151340183313645        8.5929809501559965E-004
  0.70312499999999911       0.78838751369661786        7.6171857845162090E-004
  0.46874999999999911       0.78621050281214033        7.1824677465729162E-004
  0.23437499999999911       0.78481585455475567        7.0510244610930118E-004
  -8.8817841970012523E-016  0.78440021446495722        6.9955073997597639E-004
 -0.23437500000000089       0.78481585352685301        7.0510243746065048E-004
 -0.46875000000000089       0.78621050058354325        7.1824674789977582E-004
 -0.70312500000000089       0.78838751068179858        7.6171850882883875E-004
 -0.93750000000000089       0.79151339751065808        8.5929792552895271E-004
  -1.1718750000000009       0.79511569499521595        1.1054425939812382E-003
  -1.4062500000000009       0.79895231712614090        1.7282275901549544E-003
  -1.6406250000000009       0.79972089497891830        3.6487098554906375E-003
  -1.8750000000000009       0.78793381833078235        1.0695809403087590E-002
  -2.1093750000000009       0.70274098328336276        3.9801466820951148E-002
  -2.3437500000000009       0.41504459255016235       0.11747145036331752     
  -2.5781250000000009       0.15291408892046091       0.17612745047629541     
  -2.8125000000000009        5.3297369776955567E-002  0.16387327325207310     
  -3.0468750000000009        2.0511874473949195E-002  0.11743693828287660     
  -3.2812500000000009        8.5837408892666060E-003   7.1870177970104740E-002
  -3.5156250000000009        4.0455087883631124E-003   3.9938393138485614E-002
  -3.7500000000000009        2.2822683424978244E-003   2.0851793350516356E-002
  -3.9843750000000009        1.5381469529161542E-003   1.0587398408357693E-002
  -4.2187500000000009        1.2100816222219554E-003   5.3821940352373051E-003
  -4.4531250000000009        1.0312189560285150E-003   2.9202554093982419E-003
  -4.6875000000000009        9.7389058423689025E-004   1.7766634393718531E-003
  -4.9218750000000009        9.3827656480994950E-004   1.2899881366975855E-003
  -5.1562500000000009        9.3279447648999040E-004   1.0670492294368710E-003
  -5.3906250000000009        9.1966007317134722E-004   9.8605767334235869E-004
  -5.6250000000000009        9.2319828973921338E-004   9.4061999742409868E-004
  -5.8593750000000009        9.1536247047011704E-004   9.3223203874493506E-004
  -6.0937500000000009        9.2061335843699648E-004   9.1872443880801314E-004
  -6.3281250000000009        9.1438493590210025E-004   9.2230581928487974E-004
  -6.5625000000000009        9.1983460640047239E-004   9.1487126146106259E-004
  -6.7968750000000009        9.1420522209627873E-004   9.2024579237461100E-004
  -7.0312500000000009        9.1958033356862696E-004   9.1420596417262582E-004
  -7.2656250000000009        9.1419189402573405E-004   9.1977843438826971E-004
  -7.5000000000000009        9.1951795174795661E-004   9.1411762420693320E-004
