           5
   7.2656249999999991        5.7308138292114279E-005
   7.0312499999999991        5.5965970025480049E-005
   6.7968749999999991        5.7331017804019981E-005
   6.5624999999999991        5.5934411815070248E-005
   6.3281249999999991        5.7383195176551871E-005
   6.0937499999999991        5.5884523155523888E-005
   5.8593749999999991        5.7490160256029394E-005
   5.6249999999999991        5.5849219212490140E-005
   5.3906249999999991        5.7769434060279712E-005
   5.1562499999999991        5.6064247731741517E-005
   4.9218749999999991        5.8890280492218760E-005
   4.6874999999999991        5.8152930062788315E-005
   4.4531249999999991        6.5288149442408903E-005
   4.2187499999999991        7.3828814302906746E-005
   3.9843749999999991        1.0928302083481535E-004
   3.7499999999999991        1.9189446470442949E-004
   3.5156249999999991        4.3822940555513862E-004
   3.2812499999999991        1.0934873501773125E-003
   3.0468749999999991        2.8779346321605110E-003
   2.8124999999999991        7.3242155836632803E-003
   2.5781249999999991        1.7258224526963344E-002
   2.3437499999999991        3.5140285059707017E-002
   2.1093749999999991        5.7554038158047771E-002
   1.8749999999999991        6.7206650631631448E-002
   1.6406249999999991        4.9563620913803008E-002
   1.4062499999999991        2.7583719573662110E-002
   1.1718749999999991        1.8990848292950613E-002
  0.93749999999999911        1.9635442345355057E-002
  0.70312499999999911        2.4406084414040508E-002
  0.46874999999999911        3.0356547812691141E-002
  0.23437499999999911        3.5231604903097055E-002
  -8.8817841970012523E-016   3.7101090533136399E-002
 -0.23437500000000089        3.5231630571838785E-002
 -0.46875000000000089        3.0356588500958466E-002
 -0.70312500000000089        2.4406125395972526E-002
 -0.93750000000000089        1.9635465266871391E-002
  -1.1718750000000009        1.8990828368368223E-002
  -1.4062500000000009        2.7583607598536473E-002
  -1.6406250000000009        4.9563434992488081E-002
  -1.8750000000000009        6.7206625928480784E-002
  -2.1093750000000009        5.7554179726531450E-002
  -2.3437500000000009        3.5140437272998627E-002
  -2.5781250000000009        1.7258320676788647E-002
  -2.8125000000000009        7.3242620165177522E-003
  -3.0468750000000009        2.8779540038193934E-003
  -3.2812500000000009        1.0934946446503554E-003
  -3.5156250000000009        4.3823213735911506E-004
  -3.7500000000000009        1.9189540356686854E-004
  -3.9843750000000009        1.0928340111756156E-004
  -4.2187500000000009        7.3828921430733457E-005
  -4.4531250000000009        6.5288215991660920E-005
  -4.6875000000000009        5.8152933158412339E-005
  -4.9218750000000009        5.8890300231676035E-005
  -5.1562500000000009        5.6064239997524665E-005
  -5.3906250000000009        5.7769444006880018E-005
  -5.6250000000000009        5.5849212366626278E-005
  -5.8593750000000009        5.7490166505945723E-005
  -6.0937500000000009        5.5884518305188403E-005
  -6.3281250000000009        5.7383199162948262E-005
  -6.5625000000000009        5.5934408774849592E-005
  -6.7968750000000009        5.7331020045847039E-005
  -7.0312500000000009        5.5965968565587939E-005
  -7.2656250000000009        5.7308139017003259E-005
  -7.5000000000000009        5.5976388091263005E-005
