# # 1. Index 2. Generation
0 0
1 0
2 0
3 0
4 0
5 0
6 0
7 0
8 0
9 0
10 0
11 0
12 0
13 0
14 0
15 0
16 0
17 0
18 0
19 0
20 0
21 0
22 0
23 0
24 0
25 0
26 0
27 0
28 0
29 0
30 0
31 0
32 0
33 0
34 0
35 0
36 0
37 0
38 0
39 0
40 0
41 0
42 0
43 0
44 0
45 0
46 0
47 0
48 0
49 0
50 0
51 0
52 0
53 0
54 0
55 0
56 0
57 0
58 0
59 0
60 0
61 0
62 0
63 0
64 0
65 0
66 0
67 0
68 0
69 0
70 0
71 0
72 0
73 0
74 0
75 0
76 0
77 0
78 0
79 0
80 0
81 0
82 0
83 0
84 1
85 2
86 3
87 4
88 4
89 5
90 6
91 6
92 3
93 4
94 6
95 2
96 7
97 5
98 4
99 5
100 6
101 7
102 8
103 7
104 6
105 5
106 2
107 8
108 7
109 5
110 7
111 9
112 8
113 5
114 9
115 9
116 9
117 8
118 6
119 6
120 9
121 9
122 9
123 7
124 10
125 8
126 5
127 7
128 7
129 10
130 5
131 9
132 10
133 10
134 5
135 10
136 8
137 7
138 6
139 10
140 5
141 7
142 5
143 6
144 10
145 5
146 8
147 10
148 7
149 7
150 10
151 8
152 4
153 8
154 10
155 5
156 6
157 6
158 8
159 11
160 10
161 10
162 7
163 7
164 8
165 7
166 9
167 7
168 11
169 10
170 8
171 11
172 11
173 8
174 11
175 7
176 9
177 8
178 8
179 7
180 6
181 7
182 11
183 10
184 8
185 7
186 10
187 6
188 7
189 7
190 11
191 7
192 11
193 8
194 10
195 6
196 10
197 9
198 8
199 7
200 6
201 8
202 10
203 10
204 11
205 11
206 10
207 10
208 12
209 7
210 6
211 8
212 12
213 7
