# # 1. Index 2. Generation
0 0
1 0
2 0
3 0
4 0
5 0
6 0
7 0
8 0
9 0
10 0
11 0
12 0
13 0
14 0
15 0
16 0
17 0
18 0
19 0
20 0
21 0
22 0
23 0
24 0
25 0
26 0
27 0
28 0
29 0
30 0
31 0
32 0
33 0
34 0
35 0
36 0
37 0
38 0
39 0
40 0
41 0
42 0
43 0
44 0
45 0
46 0
47 0
48 0
49 0
50 0
51 0
52 0
53 0
54 0
55 0
56 0
57 0
58 0
59 0
60 0
61 0
62 0
63 0
64 0
65 0
66 0
67 0
68 0
69 0
70 0
71 0
72 0
73 0
74 0
75 0
76 0
77 0
78 0
79 0
80 0
81 0
82 0
83 0
84 1
85 2
86 2
87 2
88 3
89 3
90 4
91 5
92 4
93 5
94 5
95 5
96 6
97 6
98 7
99 2
100 8
101 5
102 5
103 5
104 7
105 8
106 9
107 6
108 6
109 2
110 9
111 3
112 8
113 8
114 4
115 4
116 4
117 5
118 9
119 5
120 7
121 9
122 7
123 3
124 10
125 8
126 4
127 9
128 10
129 6
130 11
131 9
132 7
133 6
134 9
135 10
136 6
137 7
138 6
139 10
140 7
141 8
142 8
143 4
144 3
145 4
146 6
147 8
148 7
149 10
150 9
151 8
152 11
153 3
154 4
155 6
156 4
157 6
158 7
159 4
160 4
161 5
162 5
163 6
164 8
165 8
166 9
167 4
168 10
169 10
170 4
171 5
172 5
173 4
174 5
175 9
176 7
177 11
178 10
