# # 1. Index 2. Generation
0 0
1 0
2 0
3 0
4 0
5 0
6 0
7 0
8 0
9 0
10 0
11 0
12 0
13 0
14 0
15 0
16 0
17 0
18 0
19 0
20 0
21 0
22 0
23 0
24 0
25 0
26 0
27 0
28 0
29 0
30 0
31 0
32 0
33 0
34 0
35 0
36 0
37 0
38 0
39 0
40 0
41 0
42 0
43 0
44 0
45 0
46 0
47 0
48 0
49 0
50 0
51 0
52 0
53 0
54 0
55 0
56 0
57 0
58 0
59 0
60 0
61 0
62 0
63 0
64 0
65 0
66 0
67 0
68 0
69 0
70 0
71 0
72 0
73 0
74 0
75 0
76 0
77 0
78 0
79 0
80 0
81 0
82 0
83 0
84 1
85 2
86 2
87 3
88 4
89 4
90 4
91 5
92 5
93 5
94 5
95 4
96 6
97 3
98 6
99 7
100 6
101 5
102 7
103 7
104 7
105 6
106 8
107 8
108 7
109 8
110 6
111 2
112 5
113 4
114 2
115 3
116 6
117 4
118 8
119 9
120 7
121 9
122 7
123 3
124 7
125 4
126 7
127 7
128 8
129 6
130 8
131 6
132 6
133 9
134 8
135 6
136 4
137 8
138 7
139 4
140 7
141 4
142 9
143 6
144 5
145 6
146 5
147 4
148 8
149 6
150 7
151 6
152 6
153 9
154 6
155 4
156 6
157 7
158 8
159 10
160 7
161 4
162 4
163 4
164 9
165 9
166 7
167 7
168 6
169 4
170 8
171 10
172 4
173 4
174 8
175 8
176 6
177 8
178 8
179 4
180 8
181 8
182 6
183 7
184 4
185 8
186 8
187 10
188 4
189 9
190 9
191 10
