# # 1. Index 2. Generation
0 0
1 0
2 0
3 0
4 0
5 0
6 0
7 0
8 0
9 0
10 0
11 0
12 0
13 0
14 0
15 0
16 0
17 0
18 0
19 0
20 0
21 0
22 0
23 0
24 0
25 0
26 0
27 0
28 0
29 0
30 0
31 0
32 0
33 0
34 0
35 0
36 0
37 0
38 0
39 0
40 0
41 0
42 0
43 0
44 0
45 0
46 0
47 0
48 0
49 0
50 0
51 0
52 0
53 0
54 0
55 0
56 0
57 0
58 0
59 0
60 0
61 0
62 0
63 0
64 0
65 0
66 0
67 0
68 0
69 0
70 0
71 0
72 0
73 0
74 0
75 0
76 0
77 0
78 0
79 0
80 0
81 0
82 0
83 0
84 1
85 2
86 3
87 3
88 4
89 5
90 6
91 7
92 7
93 8
94 6
95 9
96 10
97 10
98 2
99 8
100 10
101 3
102 3
103 3
104 4
105 3
106 9
107 11
108 11
109 12
110 12
111 12
112 7
113 3
114 9
115 13
116 8
117 5
118 9
119 11
120 12
121 11
122 12
123 11
124 8
125 7
126 9
127 13
128 9
129 14
130 7
131 4
132 10
133 4
134 10
135 4
136 10
137 12
138 12
139 13
140 12
141 14
142 8
143 12
144 13
145 12
146 10
147 14
148 14
149 13
150 11
151 9
152 13
153 3
154 13
155 8
156 10
157 12
158 14
159 12
160 12
161 14
162 15
163 10
164 12
165 15
166 3
167 16
168 9
169 9
170 10
171 13
172 13
173 10
174 11
175 13
176 15
177 7
178 14
179 12
180 13
181 5
182 10
183 14
184 14
185 11
186 13
187 6
188 9
189 14
190 10
191 13
192 14
193 14
194 13
195 12
196 6
197 14
198 14
199 14
200 16
201 12
202 11
203 15
204 11
205 10
206 15
207 10
208 10
209 12
210 12
211 14
212 10
213 11
214 12
215 14
216 6
217 12
218 14
219 15
220 13
221 11
222 14
223 13
224 15
225 10
226 4
227 13
228 5
229 15
230 13
231 4
232 6
