# # 1. Index 2. Generation
0 0
1 0
2 0
3 0
4 0
5 0
6 0
7 0
8 0
9 0
10 0
11 0
12 0
13 0
14 0
15 0
16 0
17 0
18 0
19 0
20 0
21 0
22 0
23 0
24 0
25 0
26 0
27 0
28 0
29 0
30 0
31 0
32 0
33 0
34 0
35 0
36 0
37 0
38 0
39 0
40 0
41 0
42 0
43 0
44 0
45 0
46 0
47 0
48 0
49 0
50 0
51 0
52 0
53 0
54 0
55 0
56 0
57 0
58 0
59 0
60 0
61 0
62 0
63 0
64 0
65 0
66 0
67 0
68 0
69 0
70 0
71 0
72 0
73 0
74 0
75 0
76 0
77 0
78 0
79 0
80 0
81 0
82 0
83 0
84 1
85 2
86 3
87 4
88 4
89 5
90 6
91 7
92 6
93 7
94 7
95 7
96 7
97 8
98 8
99 8
100 5
101 4
102 2
103 9
104 8
105 9
106 9
107 9
108 10
109 10
110 9
111 5
112 10
113 11
114 12
115 5
116 10
117 9
118 10
119 10
120 3
121 4
122 5
123 8
124 10
125 9
126 9
127 11
128 5
129 10
130 12
131 9
132 3
133 11
134 5
135 10
136 5
137 12
138 5
139 11
140 9
141 10
142 3
143 10
144 10
145 12
146 5
147 7
148 10
149 11
150 10
151 9
152 13
153 5
154 11
155 11
156 13
157 13
158 10
159 12
160 5
161 3
162 11
163 11
164 5
165 10
166 5
167 13
168 5
169 8
170 11
171 11
