# # 1. Index 2. Generation
0 0
1 0
2 0
3 0
4 0
5 0
6 0
7 0
8 0
9 0
10 0
11 0
12 0
13 0
14 0
15 0
16 0
17 0
18 0
19 0
20 0
21 0
22 0
23 0
24 0
25 0
26 0
27 0
28 0
29 0
30 0
31 0
32 0
33 0
34 0
35 0
36 0
37 0
38 0
39 0
40 0
41 0
42 0
43 0
44 0
45 0
46 0
47 0
48 0
49 0
50 0
51 0
52 0
53 0
54 0
55 0
56 0
57 0
58 0
59 0
60 0
61 0
62 0
63 0
64 0
65 0
66 0
67 0
68 0
69 0
70 0
71 0
72 0
73 0
74 0
75 0
76 0
77 0
78 0
79 0
80 0
81 0
82 0
83 0
84 1
85 2
86 3
87 3
88 3
89 4
90 5
91 5
92 5
93 6
94 6
95 7
96 8
97 4
98 2
99 5
100 6
101 8
102 9
103 2
104 3
105 7
106 10
107 10
108 4
109 7
110 11
111 4
112 11
113 5
114 11
115 7
116 8
117 6
118 9
119 8
120 5
121 9
122 11
123 12
124 7
125 9
126 9
127 10
128 7
129 9
130 7
131 10
132 11
133 11
134 7
135 7
136 6
137 12
138 4
139 11
140 6
141 13
142 7
143 12
144 11
145 7
146 14
147 12
148 8
149 8
150 7
151 10
152 9
153 13
154 12
155 7
156 14
157 2
158 11
159 7
160 7
161 8
162 7
163 14
164 11
165 12
166 10
167 7
168 10
169 8
170 5
171 2
172 8
173 8
174 11
175 10
176 10
177 10
178 11
179 8
180 7
181 8
182 12
183 10
184 4
185 12
186 14
187 8
188 12
189 12
190 9
191 10
192 7
193 12
194 7
195 10
196 7
