# # 1. Index 2. Generation
0 0
1 0
2 0
3 0
4 0
5 0
6 0
7 0
8 0
9 0
10 0
11 0
12 0
13 0
14 0
15 0
16 0
17 0
18 0
19 0
20 0
21 0
22 0
23 0
24 0
25 0
26 0
27 0
28 0
29 0
30 0
31 0
32 0
33 0
34 0
35 0
36 0
37 0
38 0
39 0
40 0
41 0
42 0
43 0
44 0
45 0
46 0
47 0
48 0
49 0
50 0
51 0
52 0
53 0
54 0
55 0
56 0
57 0
58 0
59 0
60 0
61 0
62 0
63 0
64 0
65 0
66 0
67 0
68 0
69 0
70 0
71 0
72 0
73 0
74 0
75 0
76 0
77 0
78 0
79 0
80 0
81 0
82 0
83 0
84 1
85 2
86 2
87 3
88 3
89 4
90 4
91 5
92 4
93 5
94 5
95 6
96 5
97 7
98 8
99 3
100 5
101 6
102 5
103 4
104 4
105 6
106 6
107 7
108 7
109 8
110 8
111 5
112 9
113 8
114 9
115 4
116 6
117 10
118 9
119 5
120 8
121 7
122 8
123 10
124 10
125 9
126 9
127 11
128 10
129 2
130 10
131 8
132 12
133 6
134 4
135 10
136 6
137 11
138 9
139 5
140 8
141 5
142 12
143 12
144 8
145 6
146 6
147 7
148 3
149 10
150 5
151 12
152 8
153 3
154 6
155 9
156 11
157 9
158 10
159 8
160 6
161 10
162 11
163 9
164 11
165 7
166 4
167 10
168 10
169 11
170 10
171 12
172 6
173 10
174 9
175 6
176 6
177 8
178 7
179 5
180 7
181 12
182 10
183 6
184 7
185 10
186 5
187 11
188 12
189 12
190 13
191 6
192 4
193 8
194 11
195 6
196 13
197 9
198 7
199 7
200 4
201 8
202 11
203 8
204 11
205 6
206 6
207 4
208 8
209 6
210 10
211 12
212 11
213 3
214 8
215 7
216 7
217 10
218 12
219 10
220 7
221 7
222 12
223 8
224 11
225 7
226 11
227 8
228 11
229 11
230 8
231 10
232 10
233 12
234 7
235 11
236 9
237 13
238 6
239 11
240 11
241 8
242 11
243 11
244 8
245 9
246 3
247 10
248 10
249 10
250 6
