# # 1. Index 2. Generation
0 0
1 0
2 0
3 0
4 0
5 0
6 0
7 0
8 0
9 0
10 0
11 0
12 0
13 0
14 0
15 0
16 0
17 0
18 0
19 0
20 0
21 0
22 0
23 0
24 0
25 0
26 0
27 0
28 0
29 0
30 0
31 0
32 0
33 0
34 0
35 0
36 0
37 0
38 0
39 0
40 0
41 0
42 0
43 0
44 0
45 0
46 0
47 0
48 0
49 0
50 0
51 0
52 0
53 0
54 0
55 0
56 0
57 0
58 0
59 0
60 0
61 0
62 0
63 0
64 0
65 0
66 0
67 0
68 0
69 0
70 0
71 0
72 0
73 0
74 0
75 0
76 0
77 0
78 0
79 0
80 0
81 0
82 0
83 0
84 1
85 1
86 1
87 2
88 2
89 3
90 4
91 4
92 2
93 4
94 4
95 5
96 3
97 4
98 6
99 5
100 6
101 4
102 5
103 6
104 7
105 5
106 5
107 5
108 5
109 7
110 6
111 6
112 5
113 2
114 5
115 5
116 7
117 7
118 5
119 7
120 2
121 5
122 5
123 5
124 5
125 8
126 6
127 6
128 5
129 7
130 5
131 6
132 8
133 7
134 6
135 9
136 6
137 8
138 6
139 9
140 2
141 7
142 6
143 5
144 5
145 5
146 8
147 7
148 5
149 7
150 8
151 7
152 5
153 5
154 7
155 9
156 8
157 6
158 6
159 6
