# # 1. Index 2. Generation
0 0
1 0
2 0
3 0
4 0
5 0
6 0
7 0
8 0
9 0
10 0
11 0
12 0
13 0
14 0
15 0
16 0
17 0
18 0
19 0
20 0
21 0
22 0
23 0
24 0
25 0
26 0
27 0
28 0
29 0
30 0
31 0
32 0
33 0
34 0
35 0
36 0
37 0
38 0
39 0
40 0
41 0
42 0
43 0
44 0
45 0
46 0
47 0
48 0
49 0
50 0
51 0
52 0
53 0
54 0
55 0
56 0
57 0
58 0
59 0
60 0
61 0
62 0
63 0
64 0
65 0
66 0
67 0
68 0
69 0
70 0
71 0
72 0
73 0
74 0
75 0
76 0
77 0
78 0
79 0
80 0
81 0
82 0
83 0
84 1
85 1
86 2
87 2
88 2
89 3
90 4
91 4
92 2
93 3
94 4
95 5
96 6
97 3
98 4
99 6
100 4
101 4
102 6
103 5
104 7
105 8
106 5
107 8
108 4
109 7
110 4
111 6
112 7
113 8
114 8
115 9
116 5
117 7
118 8
119 8
120 5
121 9
122 6
123 4
124 9
125 5
126 3
127 9
128 8
129 9
130 7
131 10
132 5
133 9
134 8
135 9
136 9
137 5
138 5
139 9
140 9
141 6
142 4
143 9
144 4
145 7
146 10
147 8
148 7
149 7
150 5
151 8
152 3
153 8
154 8
155 10
156 9
157 7
158 10
159 10
160 9
161 9
162 7
163 5
164 5
165 7
166 10
167 8
168 5
169 11
170 9
171 10
172 3
173 8
174 5
175 11
176 10
177 7
178 11
179 5
180 10
181 11
182 5
183 7
184 11
185 10
186 10
187 4
188 11
189 9
190 9
191 10
192 7
193 10
