# # 1. Index 2. Generation
0 0
1 0
2 0
3 0
4 0
5 0
6 0
7 0
8 0
9 0
10 0
11 0
12 0
13 0
14 0
15 0
16 0
17 0
18 0
19 0
20 0
21 0
22 0
23 0
24 0
25 0
26 0
27 0
28 0
29 0
30 0
31 0
32 0
33 0
34 0
35 0
36 0
37 0
38 0
39 0
40 0
41 0
42 0
43 0
44 0
45 0
46 0
47 0
48 0
49 0
50 0
51 0
52 0
53 0
54 0
55 0
56 0
57 0
58 0
59 0
60 0
61 0
62 0
63 0
64 0
65 0
66 0
67 0
68 0
69 0
70 0
71 0
72 0
73 0
74 0
75 0
76 0
77 0
78 0
79 0
80 0
81 0
82 0
83 0
84 1
85 2
86 3
87 3
88 4
89 4
90 5
91 6
92 6
93 4
94 3
95 5
96 5
97 2
98 3
99 6
100 3
101 7
102 5
103 4
104 3
105 7
106 5
107 7
108 7
109 4
110 7
111 8
112 4
113 6
114 6
115 9
116 8
117 8
118 8
119 9
120 4
121 4
122 8
123 5
124 7
125 5
126 9
127 9
128 6
129 9
130 8
131 4
132 8
133 9
134 6
135 9
136 3
137 6
138 6
139 8
140 5
141 4
142 9
143 6
144 8
145 3
146 9
147 4
148 9
149 6
150 9
151 5
152 8
153 9
154 9
155 3
156 6
157 8
158 4
159 9
160 4
161 6
162 9
163 6
164 10
165 8
166 9
167 9
168 10
169 7
170 9
171 9
172 7
173 4
174 10
175 7
176 8
177 7
178 7
