          29
   7.2656249999999991        3.8515087344286085E-004
   7.0312499999999991        3.8516642675450521E-004
   6.7968749999999991        3.8515732901361378E-004
   6.5624999999999991        3.8517572183870255E-004
   6.3281249999999991        3.8518715560494342E-004
   6.0937499999999991        3.8523147461247040E-004
   5.8593749999999991        3.8533172605269495E-004
   5.6249999999999991        3.8554449640188892E-004
   5.3906249999999991        3.8610079717785715E-004
   5.1562499999999991        3.8735603181893333E-004
   4.9218749999999991        3.9062474902453365E-004
   4.6874999999999991        3.9871371186940053E-004
   4.4531249999999991        4.2013940028849293E-004
   4.2187499999999991        4.7665616686642920E-004
   3.9843749999999991        6.3026968486783966E-004
   3.7499999999999991        1.0478604698161221E-003
   3.5156249999999991        2.1769142407496913E-003
   3.2812499999999991        5.1065099097044051E-003
   3.0468749999999991        1.2097892356781235E-002
   2.8124999999999991        2.6439952823499913E-002
   2.5781249999999991        4.9488690236021225E-002
   2.3437499999999991        7.4139571994696410E-002
   2.1093749999999991        8.3814692104740546E-002
   1.8749999999999991        6.7371971622024726E-002
   1.6406249999999991        3.4988392393706269E-002
   1.4062499999999991        1.0323491519956263E-002
   1.1718749999999991        1.9216638756053388E-003
  0.93749999999999911        3.0363265473331051E-004
  0.70312499999999911        3.9841721488058561E-005
  0.46874999999999911        1.3472723833245872E-005
  0.23437499999999911        3.4636246253226273E-006
  -8.8817841970012523E-016   5.6491366004868199E-006
 -0.23437500000000089        3.4636200227003774E-006
 -0.46875000000000089        1.3472637772731569E-005
 -0.70312500000000089        3.9841332695046846E-005
 -0.93750000000000089        3.0362943960936505E-004
  -1.1718750000000009        1.9216449895184083E-003
  -1.4062500000000009        1.0323409838739906E-002
  -1.6406250000000009        3.4988217873275676E-002
  -1.8750000000000009        6.7371819633531768E-002
  -2.1093750000000009        8.3814677613715569E-002
  -2.3437500000000009        7.4139686072422523E-002
  -2.5781250000000009        4.9488836312960159E-002
  -2.8125000000000009        2.6440058940175586E-002
  -3.0468750000000009        1.2097949045608580E-002
  -3.2812500000000009        5.1065349499965149E-003
  -3.5156250000000009        2.1769241750240285E-003
  -3.7500000000000009        1.0478641754728870E-003
  -3.9843750000000009        6.3027105767246409E-004
  -4.2187500000000009        4.7665666261818525E-004
  -4.4531250000000009        4.2013959307017363E-004
  -4.6875000000000009        3.9871377870439191E-004
  -4.9218750000000009        3.9062478046229598E-004
  -5.1562500000000009        3.8735603979817045E-004
  -5.3906250000000009        3.8610080426715299E-004
  -5.6250000000000009        3.8554449615586469E-004
  -5.8593750000000009        3.8533172862071578E-004
  -6.0937500000000009        3.8523147352149419E-004
  -6.3281250000000009        3.8518715690655621E-004
  -6.5625000000000009        3.8517572101499220E-004
  -6.7968750000000009        3.8515732969346563E-004
  -7.0312500000000009        3.8516642634137431E-004
  -7.2656250000000009        3.8515087365834089E-004
  -7.5000000000000009        3.8516529460198899E-004
