          25
   7.2656249999999991        3.3192351257357747E-004
   7.0312499999999991        3.3214287851886226E-004
   6.7968749999999991        3.3192708479855385E-004
   6.5624999999999991        3.3215071498560319E-004
   6.3281249999999991        3.3194612648194472E-004
   6.0937499999999991        3.3219140343545200E-004
   5.8593749999999991        3.3204380605318499E-004
   5.6249999999999991        3.3240769479126522E-004
   5.3906249999999991        3.3256326569687143E-004
   5.1562499999999991        3.3361945744389673E-004
   4.9218749999999991        3.3554866026501732E-004
   4.6874999999999991        3.4100211783248398E-004
   4.4531249999999991        3.5451658853553555E-004
   4.2187499999999991        3.9051793680596624E-004
   3.9843749999999991        4.8720455439256965E-004
   3.7499999999999991        7.5105392718843183E-004
   3.5156249999999991        1.4754088741082876E-003
   3.2812499999999991        3.4232266783584134E-003
   3.0468749999999991        8.3748915644192984E-003
   2.8124999999999991        1.9560114926056422E-002
   2.5781249999999991        4.0279635173514461E-002
   2.3437499999999991        6.8050281215272151E-002
   2.1093749999999991        8.8443915680780458E-002
   1.8749999999999991        8.2164580692283579E-002
   1.6406249999999991        4.8319181361172400E-002
   1.4062499999999991        1.5272243676567751E-002
   1.1718749999999991        2.8299196763685538E-003
  0.93749999999999911        4.2767495376632055E-004
  0.70312499999999911        4.8398335937862800E-005
  0.46874999999999911        2.4471891233133371E-005
  0.23437499999999911        8.4045203366613547E-006
  -8.8817841970012523E-016   1.5891042121661567E-005
 -0.23437500000000089        8.4045233742314027E-006
 -0.46875000000000089        2.4471792173585955E-005
 -0.70312500000000089        4.8397848330200606E-005
 -0.93750000000000089        4.2767033501672091E-004
  -1.1718750000000009        2.8298913645814056E-003
  -1.4062500000000009        1.5272126766604145E-002
  -1.6406250000000009        4.8318968714185576E-002
  -1.8750000000000009        8.2164460029338193E-002
  -2.1093750000000009        8.8443972078491973E-002
  -2.3437500000000009        6.8050435347160487E-002
  -2.5781250000000009        4.0279778274987854E-002
  -2.8125000000000009        1.9560202208921833E-002
  -3.0468750000000009        8.3749331678730117E-003
  -3.2812500000000009        3.4232436616426025E-003
  -3.5156250000000009        1.4754153356746455E-003
  -3.7500000000000009        7.5105626099736288E-004
  -3.9843750000000009        4.8720543089883191E-004
  -4.2187500000000009        3.9051824031365587E-004
  -4.4531250000000009        3.5451671919721831E-004
  -4.6875000000000009        3.4100215448754995E-004
  -4.9218750000000009        3.3554868606772853E-004
  -5.1562500000000009        3.3361945837685541E-004
  -5.3906250000000009        3.3256327404751176E-004
  -5.6250000000000009        3.3240769166305436E-004
  -5.8593750000000009        3.3204381024254024E-004
  -6.0937500000000009        3.3219140071071170E-004
  -6.3281250000000009        3.3194612895466017E-004
  -6.5625000000000009        3.3215071320012675E-004
  -6.7968750000000009        3.3192708615656374E-004
  -7.0312500000000009        3.3214287765223751E-004
  -7.2656250000000009        3.3192351300983803E-004
  -7.5000000000000009        3.3214161598860283E-004
