 #Weights n_i/n (ratio of number of chains) of each polymer found in the topology file in the same order
0.0078090139230287
0.0078100713135537
0.0078123879417445
0.0078123136183882
0.0078137856771469
0.0078091457776881
0.0078088833213598
0.0078136519406854
0.0078138391574680
0.0078125901373149
0.0078098763790661
0.0078102058711980
0.0078184305139155
0.0078116669973488
0.0078102073307829
0.0078127816080662
0.0078129197153981
0.0078121267882377
0.0078106692522625
0.0078100073154369
0.0078083520436347
0.0078207427495788
0.0078125231838682
0.0078092151749955
0.0078097420586883
0.0078094119238714
0.0078111294315025
0.0078130551705889
0.0078104702202443
0.0078123961238359
0.0078109988455737
0.0078155106270655
0.0078108028266774
0.0078113313280797
0.0078090145061912
0.0078130515582415
0.0078112010067435
0.0078100705691222
0.0078104719693734
0.0078121880185272
0.0078131238671156
0.0078117257832714
0.0078109352402799
0.0078168236626077
0.0078119966501438
0.0078137841650595
0.0078081523535772
0.0078133155113582
0.0078152392117630
0.0078080862953151
0.0078142443622661
0.0078134491873307
0.0078106687721196
0.0078133121859514
0.0078114624850630
0.0078104716176294
0.0078107386780222
0.0078132509250775
0.0078118012498510
0.0078115972897151
0.0078106029539258
0.0078147800660861
0.0078136419401474
0.0078110639747218
0.0078096750741915
0.0078091469151974
0.0078159018232539
0.0078131846241521
0.0078125889974150
0.0078142454641250
0.0078130550010591
0.0078146386551158
0.0078094106594964
0.0078111960488551
0.0078107361948722
0.0078127250321148
0.0078149744203463
0.0078115326392534
0.0078192978296878
0.0078092771995067
0.0078139859531502
0.0078087496320072
0.0078128496754386
0.0078106008571767
0.0078170993127128
0.0078110607912093
0.0078121272745482
0.0078265067323008
0.0078091476050270
0.0078123274289663
0.0078147797644533
0.0078120593178875
0.0078119283423070
0.0078173656229173
0.0078088145248842
0.0078161704978047
0.0078109338431888
0.0078105362983990
0.0078106035338197
0.0078104042350032
0.0078108037230155
0.0078116598835419
0.0078096724133115
0.0078159036080766
0.0078140515082673
0.0078141787134117
0.0078166200844634
0.0078109319651873
0.0078153687384091
0.0078102736101913
0.0078151068418452
0.0078126608129991
0.0078145157726109
0.0078176319484783
0.0078098098571520
0.0078115319845606
0.0078112662490100
0.0078212805341120
0.0078156389964065
0.0078118632749974
0.0078111998680940
0.0078182132946807
0.0078113330100736
0.0078170366459357
0.0078114577949425
0.0078164390477921
0.0078099408353601
0.0078134488163363
