 #Weights n_i/n (ratio of number of chains) of each polymer found in the topology file in the same order
0.0078125190623375
0.0078125074850397
0.0078125190539715
0.0078125123919498
0.0078124766699472
0.0078124891582752
0.0078125187416019
0.0078125043449482
0.0078125167014116
0.0078124967500051
0.0078125064239638
0.0078125187051331
0.0078125026915690
0.0078124918432236
0.0078125221818127
0.0078125002481926
0.0078125266908946
0.0078125076169729
0.0078124812585967
0.0078124935599375
0.0078125001067169
0.0078124999507283
0.0078124944571531
0.0078124809259515
0.0078124709259779
0.0078125217277215
0.0078124695586215
0.0078124789462949
0.0078125054309412
0.0078125041504742
0.0078125128626645
0.0078125073416654
0.0078124726715174
0.0078124985764166
0.0078124806318921
0.0078125168420569
0.0078124937169453
0.0078124946077453
0.0078125118488461
0.0078124869677534
0.0078125105528725
0.0078124808655646
0.0078125005072021
0.0078124907068760
0.0078124709408149
0.0078125187367085
0.0078125006648808
0.0078125080646066
0.0078124675373745
0.0078124736038606
0.0078124788358704
0.0078124968868523
0.0078124986079981
0.0078125062487821
0.0078124954388019
0.0078125106341104
0.0078124913038004
0.0078125023646313
0.0078124715944483
0.0078124979859373
0.0078124949355824
0.0078125221541758
0.0078125079698083
0.0078125320768546
0.0078125130499903
0.0078125014971255
0.0078125034106958
0.0078125031430947
0.0078125163255535
0.0078125216667290
0.0078125108427825
0.0078124924232910
0.0078124860020647
0.0078125056797091
0.0078124849719753
0.0078125124835326
0.0078124598423266
0.0078124821142678
0.0078124899019325
0.0078125214090926
0.0078125029772699
0.0078125181587487
0.0078125226401959
0.0078125080792126
0.0078124794641682
0.0078124830926791
0.0078125214444650
0.0078124879269254
0.0078125195919316
0.0078125033600790
0.0078124902567884
0.0078125237081357
0.0078125179187809
0.0078125092392112
0.0078125168027538
0.0078125173710095
0.0078124963911349
0.0078125014601799
0.0078124837909780
0.0078125036570200
0.0078124980686586
0.0078124920850120
0.0078125074144988
0.0078124834197238
0.0078125039362052
0.0078124824457541
0.0078125236300377
0.0078125082288751
0.0078125107369474
0.0078124958175766
0.0078124465241955
0.0078124801505454
0.0078125125134226
0.0078125060186617
0.0078124987284898
0.0078125346847293
0.0078124977448703
0.0078125012745286
0.0078124981525793
0.0078125013062208
0.0078124946711209
0.0078124957970343
0.0078125139268929
0.0078124591488662
0.0078124896453626
0.0078124974801353
0.0078124905908377
0.0078125207161032
