# # 1. Index 2. Generation
0 0
1 0
2 0
3 0
4 0
5 0
6 0
7 0
8 0
9 0
10 0
11 0
12 0
13 0
14 0
15 0
16 0
17 0
18 0
19 0
20 0
21 0
22 0
23 0
24 0
25 0
26 0
27 0
28 0
29 0
30 0
31 0
32 0
33 0
34 0
35 0
36 0
37 0
38 0
39 0
40 0
41 0
42 0
43 0
44 0
45 0
46 0
47 0
48 0
49 0
50 0
51 0
52 0
53 0
54 0
55 0
56 0
57 0
58 0
59 0
60 0
61 0
62 0
63 0
64 0
65 0
66 0
67 0
68 0
69 0
70 0
71 0
72 0
73 0
74 0
75 0
76 0
77 0
78 0
79 0
80 0
81 0
82 0
83 0
84 1
85 2
86 3
87 3
88 4
89 4
90 5
91 6
92 6
93 4
94 5
95 5
96 6
97 3
98 7
99 5
100 6
101 6
102 3
103 8
104 2
105 9
106 3
107 6
108 6
109 7
110 8
111 9
112 10
113 9
114 11
115 7
116 7
117 8
118 6
119 8
120 8
121 10
122 5
123 11
124 10
125 8
126 9
127 8
128 7
129 11
130 8
131 8
132 9
133 4
134 7
135 10
136 7
137 6
138 7
139 8
140 12
141 9
142 9
143 11
144 7
145 7
146 13
147 10
148 8
149 9
150 4
151 8
152 10
153 7
154 9
155 8
156 8
157 8
158 9
159 11
160 13
161 9
162 10
163 9
164 10
165 11
166 12
167 8
168 13
169 8
170 5
171 7
172 13
173 4
174 4
175 13
176 9
177 8
178 9
179 7
180 9
181 10
182 4
183 10
184 8
185 9
186 8
187 7
188 9
189 10
190 4
191 8
192 8
193 11
194 6
195 10
196 10
197 9
198 9
199 6
200 10
201 11
202 10
203 11
204 7
205 8
206 6
207 8
208 14
209 10
210 8
211 7
212 7
213 10
214 10
215 10
216 4
217 10
218 6
219 9
220 14
221 10
222 10
223 7
224 9
225 10
226 10
227 15
228 3
229 10
230 10
231 13
232 10
233 10
234 4
235 10
236 15
237 8
238 10
239 15
240 8
241 12
242 5
243 9
244 6
245 13
246 13
247 10
248 9
249 8
250 6
251 6
252 11
253 7
254 14
255 13
256 12
257 12
258 11
259 10
260 10
261 12
262 6
263 7
264 10
265 10
266 10
