# # 1. Index 2. Generation
0 0
1 0
2 0
3 0
4 0
5 0
6 0
7 0
8 0
9 0
10 0
11 0
12 0
13 0
14 0
15 0
16 0
17 0
18 0
19 0
20 0
21 0
22 0
23 0
24 0
25 0
26 0
27 0
28 0
29 0
30 0
31 0
32 0
33 0
34 0
35 0
36 0
37 0
38 0
39 0
40 0
41 0
42 0
43 0
44 0
45 0
46 0
47 0
48 0
49 0
50 0
51 0
52 0
53 0
54 0
55 0
56 0
57 0
58 0
59 0
60 0
61 0
62 0
63 0
64 0
65 0
66 0
67 0
68 0
69 0
70 0
71 0
72 0
73 0
74 0
75 0
76 0
77 0
78 0
79 0
80 0
81 0
82 0
83 0
84 1
85 1
86 2
87 3
88 3
89 3
90 4
91 5
92 5
93 3
94 4
95 4
96 5
97 4
98 6
99 6
100 2
101 7
102 6
103 7
104 5
105 5
106 6
107 7
108 6
109 6
110 6
111 7
112 2
113 7
114 7
115 7
116 6
117 3
118 4
119 3
120 8
121 5
122 8
123 8
124 8
125 8
126 3
127 4
128 7
129 7
130 7
131 7
132 8
133 9
134 9
135 6
136 9
137 4
138 7
139 9
140 8
141 9
142 6
143 6
144 10
145 7
146 4
147 5
148 5
149 9
150 5
151 5
152 6
153 7
154 10
155 7
156 4
157 8
158 4
159 4
160 8
161 8
162 8
163 7
164 6
165 10
166 4
167 8
168 7
169 10
170 10
171 8
172 9
173 8
174 8
175 6
176 4
177 7
178 6
179 5
180 4
