# # 1. Index 2. Generation
0 0
1 0
2 0
3 0
4 0
5 0
6 0
7 0
8 0
9 0
10 0
11 0
12 0
13 0
14 0
15 0
16 0
17 0
18 0
19 0
20 0
21 0
22 0
23 0
24 0
25 0
26 0
27 0
28 0
29 0
30 0
31 0
32 0
33 0
34 0
35 0
36 0
37 0
38 0
39 0
40 0
41 0
42 0
43 0
44 0
45 0
46 0
47 0
48 0
49 0
50 0
51 0
52 0
53 0
54 0
55 0
56 0
57 0
58 0
59 0
60 0
61 0
62 0
63 0
64 0
65 0
66 0
67 0
68 0
69 0
70 0
71 0
72 0
73 0
74 0
75 0
76 0
77 0
78 0
79 0
80 0
81 0
82 0
83 0
84 1
85 2
86 2
87 3
88 3
89 4
90 5
91 6
92 6
93 4
94 6
95 4
96 3
97 5
98 6
99 7
100 7
101 8
102 8
103 4
104 9
105 6
106 5
107 5
108 9
109 10
110 9
111 4
112 5
113 6
114 9
115 7
116 5
117 5
118 4
119 5
120 7
121 6
122 8
123 9
124 9
125 4
126 7
127 5
128 11
129 5
130 10
131 11
132 10
133 6
134 9
135 9
136 6
137 11
138 11
139 12
140 6
141 7
142 11
143 9
144 6
145 6
146 9
147 9
148 5
149 9
150 6
151 12
152 12
153 8
154 11
155 6
156 10
157 7
158 7
159 12
160 10
161 12
162 7
163 10
164 11
165 7
166 6
167 7
168 7
169 12
170 9
171 5
172 12
173 5
174 5
175 10
176 12
177 11
178 5
179 7
180 12
181 5
182 6
183 5
184 10
185 9
186 13
187 12
188 13
189 13
190 7
191 8
192 2
193 13
194 9
