# # 1. Index 2. Generation
0 0
1 0
2 0
3 0
4 0
5 0
6 0
7 0
8 0
9 0
10 0
11 0
12 0
13 0
14 0
15 0
16 0
17 0
18 0
19 0
20 0
21 0
22 0
23 0
24 0
25 0
26 0
27 0
28 0
29 0
30 0
31 0
32 0
33 0
34 0
35 0
36 0
37 0
38 0
39 0
40 0
41 0
42 0
43 0
44 0
45 0
46 0
47 0
48 0
49 0
50 0
51 0
52 0
53 0
54 0
55 0
56 0
57 0
58 0
59 0
60 0
61 0
62 0
63 0
64 0
65 0
66 0
67 0
68 0
69 0
70 0
71 0
72 0
73 0
74 0
75 0
76 0
77 0
78 0
79 0
80 0
81 0
82 0
83 0
84 1
85 2
86 2
87 3
88 4
89 5
90 6
91 6
92 6
93 4
94 2
95 3
96 7
97 5
98 7
99 5
100 5
101 4
102 6
103 7
104 6
105 8
106 5
107 7
108 7
109 5
110 8
111 5
112 8
113 8
114 3
115 4
116 8
117 8
118 7
119 9
120 9
121 9
122 8
123 6
124 9
125 8
126 9
127 6
128 6
129 9
130 9
131 9
132 5
133 6
134 5
135 4
136 6
137 6
138 6
139 8
140 10
141 9
142 5
143 6
144 6
145 4
146 8
147 9
148 8
149 6
150 9
151 6
152 9
153 9
154 6
155 7
156 9
157 10
158 5
159 8
160 8
161 10
162 8
163 9
164 8
165 9
166 10
167 5
168 6
169 10
170 9
171 9
172 9
173 9
174 9
175 6
176 3
177 8
178 9
179 7
180 9
181 9
182 8
183 4
184 8
185 6
186 4
187 7
188 6
189 4
190 9
