# # 1. Index 2. Generation
0 0
1 0
2 0
3 0
4 0
5 0
6 0
7 0
8 0
9 0
10 0
11 0
12 0
13 0
14 0
15 0
16 0
17 0
18 0
19 0
20 0
21 0
22 0
23 0
24 0
25 0
26 0
27 0
28 0
29 0
30 0
31 0
32 0
33 0
34 0
35 0
36 0
37 0
38 0
39 0
40 0
41 0
42 0
43 0
44 0
45 0
46 0
47 0
48 0
49 0
50 0
51 0
52 0
53 0
54 0
55 0
56 0
57 0
58 0
59 0
60 0
61 0
62 0
63 0
64 0
65 0
66 0
67 0
68 0
69 0
70 0
71 0
72 0
73 0
74 0
75 0
76 0
77 0
78 0
79 0
80 0
81 0
82 0
83 0
84 1
85 2
86 3
87 3
88 3
89 4
90 5
91 6
92 4
93 5
94 6
95 6
96 3
97 5
98 3
99 7
100 8
101 5
102 7
103 8
104 2
105 6
106 9
107 8
108 9
109 10
110 6
111 7
112 9
113 6
114 2
115 7
116 7
117 2
118 10
119 7
120 9
121 8
122 10
123 8
124 8
125 9
126 8
127 7
128 2
129 6
130 10
131 10
132 8
133 10
134 9
135 5
136 5
137 9
138 9
139 11
140 6
141 9
142 10
143 8
144 12
145 8
146 6
147 10
148 10
149 8
150 8
151 10
152 10
153 10
154 8
155 12
156 12
157 9
158 9
159 10
160 3
161 6
162 8
163 7
164 8
165 11
166 8
167 12
168 3
169 10
170 9
171 10
172 10
173 10
