   7.2656249999999991        2.9215181966692254E-004   2.9487828157922553E-004
   7.0312499999999991        3.0016378082839694E-004   2.9171644085117032E-004
   6.7968749999999991        2.9207028564066044E-004   2.9493574994245977E-004
   6.5624999999999991        3.0030411576890736E-004   2.9168093903954252E-004
   6.3281249999999991        2.9191065303209350E-004   2.9510449417893695E-004
   6.0937499999999991        3.0057359282298086E-004   2.9173719092378603E-004
   5.8593749999999991        2.9170194668856511E-004   2.9568759562123505E-004
   5.6249999999999991        3.0108127541009981E-004   2.9259243843046722E-004
   5.3906249999999991        2.9160148161944496E-004   2.9854909968668572E-004
   5.1562499999999991        3.0224434348648683E-004   2.9900118109166160E-004
   4.9218749999999991        2.9242043145699627E-004   3.1640882624914463E-004
   4.6874999999999991        3.0606180253685088E-004   3.4508403370657915E-004
   4.4531249999999991        2.9881353749800882E-004   4.4279281874896257E-004
   4.2187499999999991        3.2439821627298253E-004   6.8884704671110420E-004
   3.9843749999999991        3.4147084805213955E-004   1.3927568911365036E-003
   3.7499999999999991        4.3967219875964178E-004   3.2879696581147801E-003
   3.5156249999999991        6.4687419608391297E-004   8.3466320194849168E-003
   3.2812499999999991        1.2796533809991163E-003   2.0890758700406423E-002
   3.0468749999999991        2.9478912447216351E-003   4.8824835102565203E-002
   2.8124999999999991        7.4360922065025235E-003  0.10028570535728153     
   2.5781249999999991        1.8913006895637297E-002  0.17063938588675243     
   2.3437499999999991        4.9039406507467360E-002  0.22617237833396564     
   2.1093749999999991       0.14164682360365197       0.21303621663999522     
   1.8749999999999991       0.40152307536952508       0.11350574085814569     
   1.6406249999999991       0.69884949667566010        2.9349618309530132E-002
   1.4062499999999991       0.77641220585742787        7.5772620210701573E-003
   1.1718749999999991       0.78070196552546955        4.1906740201299040E-003
  0.93749999999999911       0.77571832427359066        4.1992855758606973E-003
  0.70312499999999911       0.76840567448436936        5.0977395694859727E-003
  0.46874999999999911       0.76235786747527867        6.0704163245857284E-003
  0.23437499999999911       0.75801906460844148        6.8395919280360481E-003
  -8.8817841970012523E-016  0.75662089285290024        7.1097833715894777E-003
 -0.23437500000000089       0.75801905830198046        6.8395931317937041E-003
 -0.46875000000000089       0.76235785527826960        6.0704183967768034E-003
 -0.70312500000000089       0.76840565999378052        5.0977417574262027E-003
 -0.93750000000000089       0.77571830812827602        4.1992871061948241E-003
  -1.1718750000000009       0.78070196016437710        4.1906722027962359E-003
  -1.4062500000000009       0.77641224460786440        7.5772460312619194E-003
  -1.6406250000000009       0.69884983612360485        2.9349528322538350E-002
  -1.8750000000000009       0.40152385001241447       0.11350549787387033     
  -2.1093750000000009       0.14164716267683120       0.21303608217831835     
  -2.3437500000000009        4.9039508561620794E-002  0.22617244342495679     
  -2.5781250000000009        1.8913045153880328E-002  0.17063953714410648     
  -2.8125000000000009        7.4361064975209052E-003  0.10028584125671224     
  -3.0468750000000009        2.9478972231073439E-003   4.8824917799350762E-002
  -3.2812500000000009        1.2796552396607051E-003   2.0890798506930919E-002
  -3.5156250000000009        6.4687511778409291E-004   8.3466486682405444E-003
  -3.7500000000000009        4.3967235258395335E-004   3.2879760635873153E-003
  -3.9843750000000009        3.4147104730767268E-004   1.3927592588411125E-003
  -4.2187500000000009        3.2439818148938168E-004   6.8884790300298979E-004
  -4.4531250000000009        2.9881361389524810E-004   4.4279313220506393E-004
  -4.6875000000000009        3.0606176049672207E-004   3.4508414628000623E-004
  -4.9218750000000009        2.9242047445197103E-004   3.1640886999813951E-004
  -5.1562500000000009        3.0224431190739771E-004   2.9900119598104971E-004
  -5.3906250000000009        2.9160150946756558E-004   2.9854910683846370E-004
  -5.6250000000000009        3.0108125329624593E-004   2.9259244004155527E-004
  -5.8593750000000009        2.9170196524383739E-004   2.9568759728542331E-004
  -6.0937500000000009        3.0057357796970410E-004   2.9173719075536466E-004
  -6.3281250000000009        2.9191066495864071E-004   2.9510449480155690E-004
  -6.5625000000000009        3.0030410661947805E-004   2.9168093875191474E-004
  -6.7968750000000009        2.9207029233451571E-004   2.9493575023451223E-004
  -7.0312500000000009        3.0016377646453171E-004   2.9171644069193696E-004
  -7.2656250000000009        2.9215182182679909E-004   2.9487828166948010E-004
  -7.5000000000000009        3.0011958445240314E-004   2.9173320330681005E-004
