          22
   7.2656249999999991        2.4117152598412527E-004
   7.0312499999999991        2.4007593159630609E-004
   6.7968749999999991        2.4119091554037026E-004
   6.5624999999999991        2.4005993583341102E-004
   6.3281249999999991        2.4124395079829758E-004
   6.0937499999999991        2.4006033774195065E-004
   5.8593749999999991        2.4140365426047344E-004
   5.6249999999999991        2.4023301918061100E-004
   5.3906249999999991        2.4207144059255225E-004
   5.1562499999999991        2.4153773474025510E-004
   4.9218749999999991        2.4572591063184502E-004
   4.6874999999999991        2.5034060376663027E-004
   4.4531249999999991        2.6932928027235178E-004
   4.2187499999999991        3.1229717413702507E-004
   3.9843749999999991        4.3792804182359848E-004
   3.7499999999999991        7.7045578597221317E-004
   3.5156249999999991        1.6814749844647873E-003
   3.2812499999999991        4.0400643102706272E-003
   3.0468749999999991        9.7453608575222249E-003
   2.8124999999999991        2.1741474000521843E-002
   2.5781249999999991        4.2038516403056767E-002
   2.3437499999999991        6.5863133019500988E-002
   2.1093749999999991        7.8121844676809840E-002
   1.8749999999999991        6.3872443076471982E-002
   1.6406249999999991        3.1166147750574424E-002
   1.4062499999999991        8.3350846339769139E-003
   1.1718749999999991        1.4486792333647861E-003
  0.93749999999999911        2.1509653499307945E-004
  0.70312499999999911        3.8817450465662274E-005
  0.46874999999999911        1.0837072810585668E-005
  0.23437499999999911        5.7791241725276442E-006
  -8.8817841970012523E-016   3.1024368663328120E-007
 -0.23437500000000089        5.7791250133832827E-006
 -0.46875000000000089        1.0836907162235502E-005
 -0.70312500000000089        3.8817190261259287E-005
 -0.93750000000000089        2.1509315700067569E-004
  -1.1718750000000009        1.4486589261536273E-003
  -1.4062500000000009        8.3349816989014697E-003
  -1.6406250000000009        3.1165890480480438E-002
  -1.8750000000000009        6.3872223753076662E-002
  -2.1093750000000009        7.8121841887888399E-002
  -2.3437500000000009        6.5863292519258460E-002
  -2.5781250000000009        4.2038696209363728E-002
  -2.8125000000000009        2.1741596186326404E-002
  -3.0468750000000009        9.7454237678819156E-003
  -3.2812500000000009        4.0400916134645717E-003
  -3.5156250000000009        1.6814857422794709E-003
  -3.7500000000000009        7.7045978718800015E-004
  -3.9843750000000009        4.3792952232909744E-004
  -4.2187500000000009        3.1229770473092879E-004
  -4.4531250000000009        2.6932948741666650E-004
  -4.6875000000000009        2.5034067326747930E-004
  -4.9218750000000009        2.4572594485686459E-004
  -5.1562500000000009        2.4153774193693805E-004
  -5.3906250000000009        2.4207144885466300E-004
  -5.6250000000000009        2.4023301806006846E-004
  -5.8593750000000009        2.4140365758856992E-004
  -6.0937500000000009        2.4006033601407326E-004
  -6.3281250000000009        2.4124395260835077E-004
  -6.5625000000000009        2.4005993460558635E-004
  -6.7968750000000009        2.4119091651434769E-004
  -7.0312500000000009        2.4007593098752342E-004
  -7.2656250000000009        2.4117152629588587E-004
  -7.5000000000000009        2.4008242671605230E-004
