          19
   7.2656249999999991        2.5178622195832210E-004
   7.0312499999999991        2.5290884125302502E-004
   6.7968749999999991        2.5177694615377615E-004
   6.5624999999999991        2.5293330304261840E-004
   6.3281249999999991        2.5176613661057387E-004
   6.0937499999999991        2.5299747624485505E-004
   5.8593749999999991        2.5179889625565722E-004
   5.6249999999999991        2.5321430489905021E-004
   5.3906249999999991        2.5213152567157225E-004
   5.1562499999999991        2.5421833151781684E-004
   4.9218749999999991        2.5432209022036749E-004
   4.6874999999999991        2.6000470882025373E-004
   4.4531249999999991        2.6877871166123467E-004
   4.2187499999999991        2.9839178831516115E-004
   3.9843749999999991        3.7107763867601148E-004
   3.7499999999999991        5.7756474953508529E-004
   3.5156249999999991        1.1361199074173679E-003
   3.2812499999999991        2.6554333714813726E-003
   3.0468749999999991        6.5454881431822841E-003
   2.8124999999999991        1.5536504271519379E-002
   2.5781249999999991        3.2844853752912094E-002
   2.3437499999999991        5.7755244249022029E-002
   2.1093749999999991        7.9199363666708752E-002
   1.8749999999999991        7.9149864523695351E-002
   1.6406249999999991        5.1846240052842267E-002
   1.4062499999999991        1.9187277188145797E-002
   1.1718749999999991        4.3764865058860793E-003
  0.93749999999999911        8.0931423481383840E-004
  0.70312499999999911        1.1741400073874825E-004
  0.46874999999999911        3.5519323311040419E-005
  0.23437499999999911        1.3613436630329142E-005
  -8.8817841970012523E-016   2.3791787032156456E-005
 -0.23437500000000089        1.3613427648665937E-005
 -0.46875000000000089        3.5519189265571263E-005
 -0.70312500000000089        1.1741278442375609E-004
 -0.93750000000000089        8.0930701380023992E-004
  -1.1718750000000009        4.3764500645159824E-003
  -1.4062500000000009        1.9187156428088652E-002
  -1.6406250000000009        5.1846067124478222E-002
  -1.8750000000000009        7.9149793559176174E-002
  -2.1093750000000009        7.9199435302934829E-002
  -2.3437500000000009        5.7755377878541320E-002
  -2.5781250000000009        3.2844966141882037E-002
  -2.8125000000000009        1.5536569313045293E-002
  -3.0468750000000009        6.5455182748355894E-003
  -3.2812500000000009        2.6554454955154210E-003
  -3.5156250000000009        1.1361244905740602E-003
  -3.7500000000000009        5.7756640100613168E-004
  -3.9843750000000009        3.7107825781985395E-004
  -4.2187500000000009        2.9839200287829886E-004
  -4.4531250000000009        2.6877880338539094E-004
  -4.6875000000000009        2.6000473485558495E-004
  -4.9218750000000009        2.5432210804727493E-004
  -5.1562500000000009        2.5421833238182791E-004
  -5.3906250000000009        2.5213153131187162E-004
  -5.6250000000000009        2.5321430287795246E-004
  -5.8593750000000009        2.5179889903867696E-004
  -6.0937500000000009        2.5299747446252740E-004
  -6.3281250000000009        2.5176613823945585E-004
  -6.5625000000000009        2.5293330187414076E-004
  -6.7968750000000009        2.5177694704494799E-004
  -7.0312500000000009        2.5290884068640529E-004
  -7.2656250000000009        2.5178622224422887E-004
  -7.5000000000000009        2.5290193651336706E-004
