          23
   7.2656249999999991        3.0492064977668480E-004
   7.0312499999999991        3.0602478633167518E-004
   6.7968749999999991        3.0491150282013351E-004
   6.5624999999999991        3.0605031095893242E-004
   6.3281249999999991        3.0490193506589255E-004
   6.0937499999999991        3.0611902313989250E-004
   5.8593749999999991        3.0494251936395006E-004
   5.6249999999999991        3.0635709832750396E-004
   5.3906249999999991        3.0531890363770482E-004
   5.1562499999999991        3.0746943842456948E-004
   4.9218749999999991        3.0775533127169882E-004
   4.6874999999999991        3.1386439183092552E-004
   4.4531249999999991        3.2370376311651594E-004
   4.2187499999999991        3.5609560637129818E-004
   3.9843749999999991        4.3598534471747473E-004
   3.7499999999999991        6.6133328158144030E-004
   3.5156249999999991        1.2656753750896837E-003
   3.2812499999999991        2.8814266282022752E-003
   3.0468749999999991        6.9139481083431249E-003
   2.8124999999999991        1.5938100613878788E-002
   2.5781249999999991        3.2664432464289198E-002
   2.3437499999999991        5.5703419242496451E-002
   2.1093749999999991        7.4251357438158139E-002
   1.8749999999999991        7.2374392490726538E-002
   1.6406249999999991        4.6385363009226882E-002
   1.4062499999999991        1.6915385657158933E-002
   1.1718749999999991        3.8422854767090047E-003
  0.93749999999999911        7.1604853213256691E-004
  0.70312499999999911        1.0596499664201496E-004
  0.46874999999999911        2.8968028153132428E-005
  0.23437499999999911        7.6316348655802087E-006
  -8.8817841970012523E-016   1.5364604886598310E-005
 -0.23437500000000089        7.6316193355060474E-006
 -0.46875000000000089        2.8967889600776797E-005
 -0.70312500000000089        1.0596390624846836E-004
 -0.93750000000000089        7.1604217525874563E-004
  -1.1718750000000009        3.8422533893059801E-003
  -1.4062500000000009        1.6915277913690931E-002
  -1.6406250000000009        4.6385202895246676E-002
  -1.8750000000000009        7.2374317706975749E-002
  -2.1093750000000009        7.4251413657233076E-002
  -2.3437500000000009        5.5703539340475339E-002
  -2.5781250000000009        3.2664538942794773E-002
  -2.8125000000000009        1.5938164867362478E-002
  -3.0468750000000009        6.9139789340194949E-003
  -3.2812500000000009        2.8814394085532016E-003
  -3.5156250000000009        1.2656802980006449E-003
  -3.7500000000000009        6.6133508496827567E-004
  -3.9843750000000009        4.3598601873147185E-004
  -4.2187500000000009        3.5609584544016662E-004
  -4.4531250000000009        3.2370386133811211E-004
  -4.6875000000000009        3.1386442284083457E-004
  -4.9218750000000009        3.0775534911289213E-004
  -5.1562500000000009        3.0746944097027889E-004
  -5.3906250000000009        3.0531890859453577E-004
  -5.6250000000000009        3.0635709717798435E-004
  -5.8593750000000009        3.0494252156175802E-004
  -6.0937500000000009        3.0611902189172914E-004
  -6.3281250000000009        3.0490193629356910E-004
  -6.5625000000000009        3.0605031011139635E-004
  -6.7968750000000009        3.0491150348161962E-004
  -7.0312500000000009        3.0602478591721749E-004
  -7.2656250000000009        3.0492064998801439E-004
  -7.5000000000000009        3.0601767162424407E-004
