 #Weights n_i/n (ratio of number of chains) of each polymer found in the topology file in the same order
0.0149680487316179
0.0105815995266177
0.0067986255787235
0.0072639448337136
0.0050410470615502
0.0144951654079737
0.0154046270136774
0.0048673921501274
0.0058580416213783
0.0060225006988432
0.0103862224316539
0.0102054854210685
0.0031262573475812
0.0067672861334098
0.0095840997839030
0.0066185655011203
0.0059798104280915
0.0065339784703515
0.0089407937190368
0.0105855656199731
0.0220582610782174
0.0031333114338081
0.0061695408450443
0.0127945010548043
0.0114059688822488
0.0127634431875467
0.0086669849616073
0.0057088951948917
0.0091061137113586
0.0057965076113734
0.0081016202868212
0.0040950051728347
0.0080473446844674
0.0074038727444928
0.0151673712078966
0.0058561927515647
0.0075285420296309
0.0112008445002886
0.0090134982942003
0.0067073522291708
0.0053334085217948
0.0075084751779548
0.0080472544317549
0.0040708971468240
0.0065129944136051
0.0050624421933789
0.0264891311009922
0.0055657815432270
0.0044465781517039
0.0277994299001028
0.0049396554710546
0.0056975464181388
0.0088627692876295
0.0062094917880588
0.0074760564614619
0.0091807319652532
0.0081295436507438
0.0055376707474066
0.0064447772642085
0.0071499002051662
0.0093636647819971
0.0043108426705713
0.0057521884515142
0.0083220612314437
0.0119321952264933
0.0140481733431290
0.0042323158340371
0.0056883787249882
0.0058183364594799
0.0049579849369178
0.0053485430552988
0.0048903735333016
0.0130464043969353
0.0081652502926049
0.0084578083560606
0.0055439587302493
0.0046534763779734
0.0067716927921331
0.0029427383703922
0.0135549852831059
0.0046894082153363
0.0166776301025340
0.0061842843230694
0.0090823695387550
0.0034065700028407
0.0087464569287422
0.0063857039922273
0.0024735080083359
0.0138095266609851
0.0060869150877028
0.0044792887973214
0.0067183713725893
0.0067184653214623
0.0035356165220941
0.0168552977371635
0.0043064641185597
0.0085497168727697
0.0088474007528959
0.0088954586745383
0.0088001284647778
0.0080477218922465
0.0075359489906748
0.0127354723722038
0.0039792239237003
0.0047101358618236
0.0050655905811144
0.0042703913474093
0.0083631728660819
0.0047154498074412
0.0093731745949265
0.0043793306392832
0.0056561029843686
0.0043752443785337
0.0034868574309279
0.0107172041068233
0.0072154225690532
0.0076789232323439
0.0030514279508853
0.0041459467329359
0.0064454988258568
0.0075691193114786
0.0036999248455979
0.0071995881737348
0.0035515038721926
0.0079527202084067
0.0036837409137959
0.0109047098009180
0.0052217322587734
