 #Weights n_i/n (ratio of number of chains) of each polymer found in the topology file in the same order
0.0117325337860942
0.0096991529860225
0.0075120895658331
0.0078108815323899
0.0061998767380709
0.0116197476668807
0.0118207110949619
0.0060245127992512
0.0068941997755711
0.0068898504560539
0.0094880906624937
0.0095345308566634
0.0045932004786255
0.0073811494854872
0.0090754503336047
0.0074064115212984
0.0069285993794591
0.0072626847601884
0.0087859411833064
0.0096976715289606
0.0143614712119385
0.0046510647191644
0.0070031636066741
0.0106091003318264
0.0100977077280834
0.0107818979185864
0.0087146703035824
0.0067120106309618
0.0088136478262720
0.0066897947098158
0.0082257339071327
0.0054446809067767
0.0081349398086188
0.0077796320734199
0.0118894257813579
0.0068132128673717
0.0078564919616545
0.0101357438091945
0.0087822222897721
0.0073822037385331
0.0063917480737203
0.0079677237820471
0.0081960223315967
0.0054755124764996
0.0072210536713414
0.0062316694196282
0.0158996453392780
0.0065773960908660
0.0057633998475438
0.0162152431646469
0.0061352281680544
0.0067349760463403
0.0087246630209973
0.0071559083524888
0.0078678524666902
0.0088987632764186
0.0082072152516386
0.0065653527631802
0.0071471346419417
0.0076558223617280
0.0090845616217984
0.0055994027995965
0.0067747723476908
0.0084119975426886
0.0104065330706665
0.0113330173457939
0.0055980072451282
0.0067004682660442
0.0067163575521082
0.0061523179547854
0.0063798075942024
0.0061283445668872
0.0109612407254752
0.0083284154429367
0.0084407894367769
0.0065015949107681
0.0059367185583106
0.0073320780089488
0.0044113998159271
0.0111226631743043
0.0058988046924200
0.0123302220785803
0.0070679893825849
0.0088362906133516
0.0048331645152108
0.0087088157863912
0.0071277254317986
0.0039588647592588
0.0111955333795765
0.0069245684905752
0.0057626582806231
0.0073946788836564
0.0073688309535163
0.0049795602945596
0.0125644608614930
0.0057089766762251
0.0085844166529928
0.0086449506498881
0.0087362738170321
0.0085727926408218
0.0081563943123755
0.0079759341830780
0.0109214555348178
0.0053465753756425
0.0059130979296918
0.0062563125123584
0.0056443008463377
0.0084034177138848
0.0060250816602916
0.0089599223498182
0.0056837379150145
0.0066047215810431
0.0056503015759236
0.0049415944272990
0.0096836947067167
0.0077013817880235
0.0080061170781368
0.0045811135839388
0.0054907430011196
0.0071263092404940
0.0078989935498648
0.0051711977091632
0.0076305386557187
0.0049749222581926
0.0082005756382579
0.0050850784008585
0.0098835880028053
0.0062943983791390
