 #Weights n_i/n (ratio of number of chains) of each polymer found in the topology file in the same order
0.0135839873154305
0.0103034470797486
0.0071406655462442
0.0075493106414346
0.0055152747941028
0.0133043932742069
0.0138195814870488
0.0053354808488641
0.0063073073990788
0.0064059446686983
0.0100825096436860
0.0100173504746414
0.0036568306881984
0.0070625595562893
0.0094490574193296
0.0069875662141357
0.0063960591308500
0.0068733479889276
0.0089573682893407
0.0103015254411147
0.0183382601745863
0.0036802185935353
0.0065432729928587
0.0118856514455750
0.0109371772375072
0.0119879216870385
0.0087721806675502
0.0061394723368321
0.0090615750909346
0.0061832075544179
0.0082202297851915
0.0046149923114635
0.0081454622692541
0.0076139506721858
0.0137700597419495
0.0062721421951344
0.0077212124519658
0.0108599002952578
0.0089933236730393
0.0070298109318953
0.0057752277967243
0.0077614458263244
0.0081740674275826
0.0046104226523978
0.0068426760784394
0.0055410468650162
0.0212379278855668
0.0059962847103910
0.0049646702419799
0.0219872516862377
0.0054257921687888
0.0061426447869725
0.0088838952257972
0.0066327527646905
0.0076969503703806
0.0091435679640925
0.0082246630856075
0.0059736974205536
0.0067686593355451
0.0074102928518902
0.0093372998684357
0.0048141119040036
0.0061933571625212
0.0084336414979226
0.0113740410832220
0.0129175905082989
0.0047623527236694
0.0061221716286681
0.0062082077061336
0.0054437058080345
0.0057796722960043
0.0053917337447950
0.0122322019828363
0.0083058266462851
0.0085216645062084
0.0059506284319195
0.0051649426456599
0.0070436591099282
0.0034674663189771
0.0125703679236064
0.0051729090233050
0.0147091047784839
0.0065800999740460
0.0090610455179147
0.0039329634394736
0.0088147347950100
0.0067264608940311
0.0029841375952508
0.0127180563407285
0.0064589838043976
0.0049856344919679
0.0070410029840115
0.0070294745907791
0.0040721692214889
0.0149544812906665
0.0048521553320640
0.0086424948771051
0.0088363543184563
0.0089068834352507
0.0087724589249298
0.0081550029946740
0.0077808849826842
0.0120702749809556
0.0045021035231609
0.0051920694348585
0.0055533726247733
0.0048044754726605
0.0084523119009051
0.0052393481789109
0.0092767628027337
0.0048909241821231
0.0060621151394310
0.0048751034757927
0.0040250976105389
0.0103572967401784
0.0074693914054463
0.0078762238898150
0.0035987066479206
0.0046657129158737
0.0067609110398909
0.0077633787428019
0.0042510824988525
0.0074272511003461
0.0040813762548079
0.0081262235986708
0.0042099299379084
0.0105663162738974
0.0056665753683749
