          40
   7.2656249999999991        4.5326244406453608E-004
   7.0312499999999991        4.5299662831567851E-004
   6.7968749999999991        4.5327571878880848E-004
   6.5624999999999991        4.5301801984902901E-004
   6.3281249999999991        4.5333942219912232E-004
   6.0937499999999991        4.5314667603544011E-004
   5.8593749999999991        4.5366459100348898E-004
   5.6249999999999991        4.5388972675054805E-004
   5.3906249999999991        4.5549976026664537E-004
   5.1562499999999991        4.5839014133770297E-004
   4.9218749999999991        4.6695116608056142E-004
   4.6874999999999991        4.8801989636651911E-004
   4.4531249999999991        5.4543106374805412E-004
   4.2187499999999991        6.9895619329100552E-004
   3.9843749999999991        1.1161153139034937E-003
   3.7499999999999991        2.2264452155203265E-003
   3.5156249999999991        5.0574782424547497E-003
   3.2812499999999991        1.1678294038245747E-002
   3.0468749999999991        2.5115406263636036E-002
   2.8124999999999991        4.6867551144146917E-002
   2.5781249999999991        7.0917516585229101E-002
   2.3437499999999991        8.1323418103285222E-002
   2.1093749999999991        6.6101112987332608E-002
   1.8749999999999991        3.4955681314986442E-002
   1.6406249999999991        1.0676138490908815E-002
   1.4062499999999991        1.9964616249649289E-003
   1.1718749999999991        3.0183244598600402E-004
  0.93749999999999911        3.6611683290828485E-005
  0.70312499999999911        7.0535154342449282E-006
  0.46874999999999911       -3.3111784839907255E-006
  0.23437499999999911       -1.2264391004429959E-006
  -8.8817841970012523E-016  -3.9453675972253697E-006
 -0.23437500000000089       -1.2264434144624740E-006
 -0.46875000000000089       -3.3111893309778472E-006
 -0.70312500000000089        7.0534200737627824E-006
 -0.93750000000000089        3.6611138238811971E-005
  -1.1718750000000009        3.0182845156925429E-004
  -1.4062500000000009        1.9964363736102628E-003
  -1.6406250000000009        1.0676033053605115E-002
  -1.8750000000000009        3.4955472240975269E-002
  -2.1093750000000009        6.6100933026575714E-002
  -2.3437500000000009        8.1323406008850366E-002
  -2.5781250000000009        7.0917655302977264E-002
  -2.8125000000000009        4.6867720533837337E-002
  -3.0468750000000009        2.5115527025704548E-002
  -3.2812500000000009        1.1678358814912141E-002
  -3.5156250000000009        5.0575073650192242E-003
  -3.7500000000000009        2.2264569961440036E-003
  -3.9843750000000009        1.1161197816363935E-003
  -4.2187500000000009        6.9895785783058721E-004
  -4.4531250000000009        5.4543167073138599E-004
  -4.6875000000000009        4.8802012900535287E-004
  -4.9218750000000009        4.6695124942099770E-004
  -5.1562500000000009        4.5839017787218300E-004
  -5.3906250000000009        4.5549977132387689E-004
  -5.6250000000000009        4.5388973412663141E-004
  -5.8593750000000009        4.5366459168806410E-004
  -6.0937500000000009        4.5314667827447958E-004
  -6.3281250000000009        4.5333942158966409E-004
  -6.5625000000000009        4.5301802081336293E-004
  -6.7968750000000009        4.5327571829325105E-004
  -7.0312500000000009        4.5299662872393397E-004
  -7.2656250000000009        4.5326244389216831E-004
  -7.5000000000000009        4.5299396475985008E-004
