          20
   7.2656249999999991        3.1122627207235266E-004
   7.0312499999999991        3.1378853159373324E-004
   6.7968749999999991        3.1119576433618636E-004
   6.5624999999999991        3.1384441163465982E-004
   6.3281249999999991        3.1113859673470150E-004
   6.0937499999999991        3.1396245331674654E-004
   5.8593749999999991        3.1108625439536108E-004
   5.6249999999999991        3.1424512258028186E-004
   5.3906249999999991        3.1123452018847733E-004
   5.1562499999999991        3.1521307118327591E-004
   4.9218749999999991        3.1277218847796171E-004
   4.6874999999999991        3.1994137824347248E-004
   4.4531249999999991        3.2344956125873910E-004
   4.2187499999999991        3.4901536135348819E-004
   3.9843749999999991        3.9828191923943132E-004
   3.7499999999999991        5.5306113130950936E-004
   3.5156249999999991        9.5198098460162989E-004
   3.2812499999999991        2.0716374902733162E-003
   3.0468749999999991        5.0163747097514994E-003
   2.8124999999999991        1.2359631580369873E-002
   2.5781249999999991        2.8227951325820858E-002
   2.3437499999999991        5.5740067640889485E-002
   2.1093749999999991        8.8978861067281242E-002
   1.8749999999999991       0.10807990523385494     
   1.6406249999999991        9.0046666365549075E-002
   1.4062499999999991        4.3331987842575977E-002
   1.1718749999999991        1.1819818674942627E-002
  0.93749999999999911        2.3651693422948434E-003
  0.70312499999999911        4.1861626492465336E-004
  0.46874999999999911        1.0370755981671763E-004
  0.23437499999999911        5.7993164245577641E-005
  -8.8817841970012523E-016   7.4806692522785430E-005
 -0.23437500000000089        5.7993033915833932E-005
 -0.46875000000000089        1.0370690339279826E-004
 -0.70312500000000089        4.1860844425577030E-004
 -0.93750000000000089        2.3651307539003965E-003
  -1.1718750000000009        1.1819634247071735E-002
  -1.4062500000000009        4.3331511150505632E-002
  -1.6406250000000009        9.0046271345488288E-002
  -1.8750000000000009       0.10807992485130442     
  -2.1093750000000009        8.8979154939349117E-002
  -2.3437500000000009        5.5740383603909822E-002
  -2.5781250000000009        2.8228161362312692E-002
  -2.8125000000000009        1.2359736701264910E-002
  -3.0468750000000009        5.0164190483841260E-003
  -3.2812500000000009        2.0716544906596713E-003
  -3.5156250000000009        9.5198723318179403E-004
  -3.7500000000000009        5.5306341223247831E-004
  -3.9843750000000009        3.9828274961615910E-004
  -4.2187500000000009        3.4901567743360410E-004
  -4.4531250000000009        3.2344967542699164E-004
  -4.6875000000000009        3.1994142844929136E-004
  -4.9218750000000009        3.1277220345390672E-004
  -5.1562500000000009        3.1521308190791308E-004
  -5.3906250000000009        3.1123452068882384E-004
  -5.6250000000000009        3.1424512629061452E-004
  -5.8593750000000009        3.1108625302234274E-004
  -6.0937500000000009        3.1396245523181778E-004
  -6.3281250000000009        3.1113859551205804E-004
  -6.5625000000000009        3.1384441273954808E-004
  -6.7968750000000009        3.1119576358363730E-004
  -7.0312500000000009        3.1378853211647134E-004
  -7.2656250000000009        3.1122627182236665E-004
  -7.5000000000000009        3.1377144099184619E-004
