          14
   7.2656249999999991        2.1773660041179242E-004
   7.0312499999999991        2.1977546199963681E-004
   6.7968749999999991        2.1771014573098495E-004
   6.5624999999999991        2.1982200920643417E-004
   6.3281249999999991        2.1765874586972354E-004
   6.0937499999999991        2.1991747848659380E-004
   5.8593749999999991        2.1760047186813883E-004
   5.6249999999999991        2.2013122393783148E-004
   5.3906249999999991        2.1765654885079998E-004
   5.1562499999999991        2.2080206819774065E-004
   4.9218749999999991        2.1857298228143674E-004
   4.6874999999999991        2.2388323348098641E-004
   4.4531249999999991        2.2519796703718701E-004
   4.2187499999999991        2.4226876964774871E-004
   3.9843749999999991        2.7177498132604778E-004
   3.7499999999999991        3.6969813263668919E-004
   3.5156249999999991        6.1601730317702109E-004
   3.2812499999999991        1.3158782268018537E-003
   3.0468749999999991        3.1566225218189617E-003
   2.8124999999999991        7.8278239051749535E-003
   2.5781249999999991        1.8258524311506954E-002
   2.3437499999999991        3.7667886071385555E-002
   2.1093749999999991        6.4427035266249114E-002
   1.8749999999999991        8.6012002439906254E-002
   1.6406249999999991        8.0321357410717650E-002
   1.4062499999999991        4.3943645917990048E-002
   1.1718749999999991        1.3607311783888420E-002
  0.93749999999999911        3.1442227004009333E-003
  0.70312499999999911        7.8717506621682899E-004
  0.46874999999999911        3.3695266790120224E-004
  0.23437499999999911        2.8379011018007569E-004
  -8.8817841970012523E-016   2.9692180094599270E-004
 -0.23437500000000089        2.8378998228308674E-004
 -0.46875000000000089        3.3695158188961109E-004
 -0.70312500000000089        7.8716496455471987E-004
 -0.93750000000000089        3.1441771480965894E-003
  -1.1718750000000009        1.3607117001375395E-002
  -1.4062500000000009        4.3943215357014911E-002
  -1.6406250000000009        8.0321101378229010E-002
  -1.8750000000000009        8.6012107120616174E-002
  -2.1093750000000009        6.4427299897271043E-002
  -2.3437500000000009        3.7668120468654934E-002
  -2.5781250000000009        1.8258665733393558E-002
  -2.8125000000000009        7.8278915498481566E-003
  -3.0468750000000009        3.1566503359386020E-003
  -3.2812500000000009        1.3158888855919022E-003
  -3.5156250000000009        6.1602114951193508E-004
  -3.7500000000000009        3.6969958582930767E-004
  -3.9843750000000009        2.7177547223912962E-004
  -4.2187500000000009        2.4226898927859954E-004
  -4.4531250000000009        2.2519802075434079E-004
  -4.6875000000000009        2.2388328008435184E-004
  -4.9218750000000009        2.1857297939812290E-004
  -5.1562500000000009        2.2080208537753052E-004
  -5.3906250000000009        2.1765654055677246E-004
  -5.6250000000000009        2.2013123349101416E-004
  -5.8593750000000009        2.1760046506445757E-004
  -6.0937500000000009        2.1991748455397597E-004
  -6.3281250000000009        2.1765874121447984E-004
  -6.5625000000000009        2.1982201291220499E-004
  -6.7968750000000009        2.1771014305648422E-004
  -7.0312500000000009        2.1977546377002828E-004
  -7.2656250000000009        2.1773659954148585E-004
  -7.5000000000000009        2.1976110225952985E-004
