          18
   7.2656249999999991        2.8044432146124562E-004
   7.0312499999999991        2.8206579534466341E-004
   6.7968749999999991        2.8042528535259968E-004
   6.5624999999999991        2.8210319901969994E-004
   6.3281249999999991        2.8039159960542370E-004
   6.0937499999999991        2.8218645318337085E-004
   5.8593749999999991        2.8037374015129897E-004
   5.6249999999999991        2.8240531204268445E-004
   5.3906249999999991        2.8055219772467452E-004
   5.1562499999999991        2.8322502561269573E-004
   4.9218749999999991        2.8200692606870063E-004
   4.6874999999999991        2.8741442306258702E-004
   4.4531249999999991        2.9175191728857103E-004
   4.2187499999999991        3.1356787987305495E-004
   3.9843749999999991        3.5956813341584862E-004
   3.7499999999999991        4.9779611289454864E-004
   3.5156249999999991        8.5864267696111884E-004
   3.2812499999999991        1.8530116136699205E-003
   3.0468749999999991        4.4217799023885222E-003
   2.8124999999999991        1.0625176645022685E-002
   2.5781249999999991        2.3545729987797515E-002
   2.3437499999999991        4.5086463171806458E-002
   2.1093749999999991        7.0085426516314941E-002
   1.8749999999999991        8.3544347979213660E-002
   1.6406249999999991        6.9494507399871369E-002
   1.4062499999999991        3.4141633311472144E-002
   1.1718749999999991        9.4611631528416906E-003
  0.93749999999999911        1.8719394316672360E-003
  0.70312499999999911        3.4193482459801504E-004
  0.46874999999999911        8.1588367915763697E-005
  0.23437499999999911        3.7586950509460747E-005
  -8.8817841970012523E-016   4.3856495822540856E-005
 -0.23437500000000089        3.7586777829396293E-005
 -0.46875000000000089        8.1587725495729007E-005
 -0.70312500000000089        3.4192875973346328E-004
 -0.93750000000000089        1.8719088057168596E-003
  -1.1718750000000009        9.4610167984214844E-003
  -1.4062500000000009        3.4141269624725808E-002
  -1.6406250000000009        6.9494213993653839E-002
  -1.8750000000000009        8.3544354397006096E-002
  -2.1093750000000009        7.0085640955965575E-002
  -2.3437500000000009        4.5086704742950734E-002
  -2.5781250000000009        2.3545896964039578E-002
  -2.8125000000000009        1.0625263624674048E-002
  -3.0468750000000009        4.4218178528308144E-003
  -3.2812500000000009        1.8530265607698644E-003
  -3.5156250000000009        8.5864823923278793E-004
  -3.7500000000000009        4.9779816642112973E-004
  -3.9843750000000009        3.5956887501024199E-004
  -4.2187500000000009        3.1356816763048563E-004
  -4.4531250000000009        2.9175201698969827E-004
  -4.6875000000000009        2.8741447038806286E-004
  -4.9218750000000009        2.8200693772313998E-004
  -5.1562500000000009        2.8322503667883446E-004
  -5.3906250000000009        2.8055219701010180E-004
  -5.6250000000000009        2.8240531631569765E-004
  -5.8593750000000009        2.8037373815728816E-004
  -6.0937500000000009        2.8218645551235665E-004
  -6.3281250000000009        2.8039159802721733E-004
  -6.5625000000000009        2.8210320037886825E-004
  -6.7968750000000009        2.8042528441065789E-004
  -7.0312500000000009        2.8206579598690011E-004
  -7.2656250000000009        2.8044432115141278E-004
  -7.5000000000000009        2.8205456707315992E-004
