 #Weights n_i/n (ratio of number of chains) of each polymer found in the topology file in the same order
0.0199495389110411
0.0105898762863934
0.0056007547846328
0.0049357097577094
0.0037598466562755
0.0158756249558683
0.0222145923777839
0.0040257408367389
0.0038884448253366
0.0047314561320890
0.0113870953952552
0.0105941749207672
0.0023203324572248
0.0056826676462270
0.0104541952960353
0.0049770720350630
0.0047475673563299
0.0050970164975253
0.0085194911459634
0.0117461261094472
0.0306938921467255
0.0021675452368066
0.0050843612753619
0.0159027855432731
0.0123095196567383
0.0138678239096605
0.0075262606656700
0.0045950496054020
0.0097029908157137
0.0054805647157573
0.0071066312476072
0.0029070508190780
0.0083605358644273
0.0065124969594714
0.0195035371186778
0.0046825459753337
0.0079022928456958
0.0110825549831718
0.0092810009601656
0.0054298214842281
0.0049948591142693
0.0063339716956591
0.0077601664386559
0.0030502736378792
0.0058524672443955
0.0035518400704417
0.0330852601466023
0.0043708617866504
0.0033995689436319
0.0401895097356355
0.0033675280450672
0.0043197112884464
0.0087097072687172
0.0044969009749505
0.0066507336875832
0.0096412372095098
0.0076706173949892
0.0052591567498497
0.0060180987968525
0.0060482319215161
0.0097657583070505
0.0032860671220214
0.0044342793523090
0.0075679341163664
0.0137201618100189
0.0171199468937026
0.0030880073158576
0.0042924045710861
0.0054521910225577
0.0034248631465920
0.0043281543061020
0.0037713838505230
0.0154922192976388
0.0069222109062337
0.0085529054126143
0.0050123643212819
0.0035035960549345
0.0063854051019836
0.0029281295648403
0.0153105549258248
0.0035862278695453
0.0246152169412705
0.0044345368843879
0.0091054496470344
0.0027041663116128
0.0072832914300597
0.0053437179040774
0.0018529885215510
0.0163140202150649
0.0052751641744403
0.0033554709004360
0.0052105814326403
0.0060154824270551
0.0027971094481713
0.0242338254694003
0.0028846290870158
0.0076434099527115
0.0094529292761693
0.0090682188184287
0.0099865372921215
0.0082647278876986
0.0068481263877978
0.0127935639278322
0.0027397801304814
0.0038314637832006
0.0040151201655946
0.0027243348308596
0.0071563658363597
0.0029341539848209
0.0107264832946221
0.0030695400903933
0.0046397205589863
0.0033641133736773
0.0025354811072706
0.0121312430827092
0.0063321401373021
0.0068122306532580
0.0027239257247598
0.0029228091498412
0.0060315490443384
0.0074934055951400
0.0028351409287534
0.0073174897022399
0.0027736145726134
0.0067536765984294
0.0030360015438270
0.0114616110891569
0.0042433870513274
