 #Weights n_i/n (ratio of number of chains) of each polymer found in the topology file in the same order
0.0093847608396131
0.0086671364315407
0.0078027022403819
0.0079293654433010
0.0071347520115143
0.0093829075402179
0.0093848721445738
0.0070183787211058
0.0075438255601319
0.0074534854386015
0.0085363927379728
0.0086248270550719
0.0062546668937497
0.0076736219837956
0.0083818311221699
0.0077655448172435
0.0075247618290171
0.0076443579827193
0.0083079320111466
0.0086658798794273
0.0102204570431100
0.0063474562338582
0.0075141812153031
0.0089322021866596
0.0088026863836255
0.0090654377907798
0.0083322117453220
0.0074027555162908
0.0082817514257478
0.0073315417970365
0.0080417896596089
0.0067354332554762
0.0079691710882764
0.0078429901029855
0.0094700809720340
0.0074479271289054
0.0078714584791679
0.0088838053496653
0.0082858996611534
0.0077005240626157
0.0072123223771008
0.0080008636911305
0.0080324999644770
0.0068002822991915
0.0076039742166785
0.0071675301288343
0.0106902897157878
0.0073128740729138
0.0069369899887951
0.0107472997774104
0.0071132139094993
0.0074329277181273
0.0082776099305312
0.0076736462063717
0.0079059115202489
0.0083399198850255
0.0080134981532835
0.0073150542129486
0.0075529211384395
0.0078124767656940
0.0084576083704489
0.0068024846864119
0.0074531167070484
0.0081497132451770
0.0089371165888843
0.0092459158082311
0.0068539757322356
0.0074009057190663
0.0073549386786867
0.0071260271776846
0.0071919942324107
0.0071360031428947
0.0091506142967068
0.0081220209169994
0.0081324721502166
0.0072339703006852
0.0070303149636925
0.0076195946352079
0.0061336417612935
0.0091733237126598
0.0069605547588707
0.0095548268861246
0.0075859939912049
0.0083120986705190
0.0063799047166026
0.0082973217294207
0.0075563471373169
0.0058785357223984
0.0091918893679631
0.0074652192361101
0.0069100283495257
0.0077095170494006
0.0076789527535721
0.0064927628718362
0.0096833342712347
0.0069555532493142
0.0082439416407421
0.0082058240927917
0.0082789618794483
0.0081582172313946
0.0079927336567248
0.0079986462283329
0.0091759666543931
0.0066847663333854
0.0069637238130758
0.0071940099402362
0.0068964098516550
0.0081272376699734
0.0071077009149684
0.0083400878176680
0.0068715321431862
0.0072990078922600
0.0068302198854151
0.0064787671535513
0.0086237214965144
0.0078325619352969
0.0079731180318532
0.0063163563354372
0.0067660085783393
0.0075314446165023
0.0079069255272770
0.0066487559441868
0.0077667999441657
0.0064694760685440
0.0080673837543028
0.0065278303889525
0.0087443331121781
0.0071550664257846
