          34
   7.2656249999999991        5.3059162061001495E-004
   7.0312499999999991        5.3191796046883622E-004
   6.7968749999999991        5.3057915263167237E-004
   6.5624999999999991        5.3195060898938822E-004
   6.3281249999999991        5.3056386686031601E-004
   6.0937499999999991        5.3203560157089502E-004
   5.8593749999999991        5.3060163889298735E-004
   5.6249999999999991        5.3231380072669206E-004
   5.3906249999999991        5.3099906247672756E-004
   5.1562499999999991        5.3353186344115068E-004
   4.9218749999999991        5.3352501040504290E-004
   4.6874999999999991        5.4012294537255463E-004
   4.4531249999999991        5.4942934028070882E-004
   4.2187499999999991        5.8163137011962829E-004
   3.9843749999999991        6.5775964659259745E-004
   3.7499999999999991        8.7357124436927749E-004
   3.5156249999999991        1.4481498544849114E-003
   3.2812499999999991        3.0000376264019508E-003
   3.0468749999999991        6.9338916186988415E-003
   2.8124999999999991        1.5977819304972461E-002
   2.5781249999999991        3.3352231919894379E-002
   2.3437499999999991        5.8499242088116375E-002
   2.1093749999999991        8.0677251708725015E-002
   1.8749999999999991        8.2435909975644858E-002
   1.6406249999999991        5.7058816902784137E-002
   1.4062499999999991        2.2840381593385809E-002
   1.1718749999999991        5.0585616326634403E-003
  0.93749999999999911        7.8799779707281717E-004
  0.70312499999999911        9.3801900820211900E-005
  0.46874999999999911        1.7390390685571416E-005
  0.23437499999999911        3.7009591766324820E-006
  -8.8817841970012523E-016   1.3743291900523572E-005
 -0.23437500000000089        3.7009264656945151E-006
 -0.46875000000000089        1.7390301505506442E-005
 -0.70312500000000089        9.3799399912346688E-005
 -0.93750000000000089        7.8798204863692555E-004
  -1.1718750000000009        5.0584655407209566E-003
  -1.4062500000000009        2.2840072706125147E-002
  -1.6406250000000009        5.7058444147935192E-002
  -1.8750000000000009        8.2435774361134875E-002
  -2.1093750000000009        8.0677403722347982E-002
  -2.3437500000000009        5.8499515965968175E-002
  -2.5781250000000009        3.3352460252365046E-002
  -2.8125000000000009        1.5977951146042675E-002
  -3.0468750000000009        6.9339527956989800E-003
  -3.2812500000000009        3.0000624270566691E-003
  -3.5156250000000009        1.4481592712217190E-003
  -3.7500000000000009        8.7357469155198246E-004
  -3.9843750000000009        6.5776093164472205E-004
  -4.2187500000000009        5.8163183859784241E-004
  -4.4531250000000009        5.4942952868660517E-004
  -4.6875000000000009        5.4012301183853850E-004
  -4.9218750000000009        5.3352504319882676E-004
  -5.1562500000000009        5.3353187211883305E-004
  -5.3906250000000009        5.3099907016392045E-004
  -5.6250000000000009        5.3231380076298378E-004
  -5.8593750000000009        5.3060164159255308E-004
  -6.0937500000000009        5.3203560059201518E-004
  -6.3281250000000009        5.3056386815610458E-004
  -6.5625000000000009        5.3195060822347788E-004
  -6.7968750000000009        5.3057915328606699E-004
  -7.0312500000000009        5.3191796008378420E-004
  -7.2656250000000009        5.3059162081454036E-004
  -7.5000000000000009        5.3190875290759422E-004
