          28
   7.2656249999999991        4.3711193823833019E-004
   7.0312499999999991        4.3789541657241008E-004
   6.7968749999999991        4.3710593169190746E-004
   6.5624999999999991        4.3791807604160262E-004
   6.3281249999999991        4.3710416294900364E-004
   6.0937499999999991        4.3798509555698393E-004
   5.8593749999999991        4.3716402382091494E-004
   5.6249999999999991        4.3823635964308061E-004
   5.3906249999999991        4.3760093910247245E-004
   5.1562499999999991        4.3943933578382627E-004
   4.9218749999999991        4.4027456071811955E-004
   4.6874999999999991        4.4630000695697293E-004
   4.4531249999999991        4.5730719528436854E-004
   4.2187499999999991        4.9093237767732650E-004
   3.9843749999999991        5.7524688771382461E-004
   3.7499999999999991        8.0967046917491796E-004
   3.5156249999999991        1.4380231148247245E-003
   3.2812499999999991        3.1119282655214077E-003
   3.0468749999999991        7.2935200291757690E-003
   2.8124999999999991        1.6694705850665733E-002
   2.5781249999999991        3.4335394864428381E-002
   2.3437499999999991        5.9263441608184475E-002
   2.1093749999999991        8.0882129663191304E-002
   1.8749999999999991        8.2941676888838259E-002
   1.6406249999999991        5.9183103315100342E-002
   1.4062499999999991        2.5076441807512506E-002
   1.1718749999999991        5.8336239897117488E-003
  0.93749999999999911        9.1473109447318362E-004
  0.70312499999999911        1.1456345187717184E-004
  0.46874999999999911        1.7853852790107316E-005
  0.23437499999999911        3.5992470964480181E-006
  -8.8817841970012523E-016   1.2478172215322847E-005
 -0.23437500000000089        3.5991995215958335E-006
 -0.46875000000000089        1.7853729415894154E-005
 -0.70312500000000089        1.1456051879253415E-004
 -0.93750000000000089        9.1471273233223623E-004
  -1.1718750000000009        5.8335155948103217E-003
  -1.4062500000000009        2.5076118801261791E-002
  -1.6406250000000009        5.9182745056860317E-002
  -1.8750000000000009        8.2941551618780349E-002
  -2.1093750000000009        8.0882275496941408E-002
  -2.3437500000000009        5.9263709158360871E-002
  -2.5781250000000009        3.4335623558363386E-002
  -2.8125000000000009        1.6694841368837456E-002
  -3.0468750000000009        7.2935844232814191E-003
  -3.2812500000000009        3.1119548805997915E-003
  -3.5156250000000009        1.4380333490965633E-003
  -3.7500000000000009        8.0967423860545497E-004
  -3.9843750000000009        5.7524829012956771E-004
  -4.2187500000000009        4.9093288668157974E-004
  -4.4531250000000009        4.5730739747646537E-004
  -4.6875000000000009        4.4630007767238979E-004
  -4.9218750000000009        4.4027459503388327E-004
  -5.1562500000000009        4.3943934470526506E-004
  -5.3906250000000009        4.3760094702316606E-004
  -5.6250000000000009        4.3823635957794695E-004
  -5.8593750000000009        4.3716402662462723E-004
  -6.0937500000000009        4.3798509448671804E-004
  -6.3281250000000009        4.3710416431615883E-004
  -6.5625000000000009        4.3791807521627210E-004
  -6.7968750000000009        4.3710593238885284E-004
  -7.0312500000000009        4.3789541615813247E-004
  -7.2656250000000009        4.3711193845697132E-004
  -7.5000000000000009        4.3788941701109553E-004
