          28
   7.2656249999999991        4.3684368773735911E-004
   7.0312499999999991        4.3816598048224251E-004
   6.7968749999999991        4.3683013778407926E-004
   6.5624999999999991        4.3819911426617542E-004
   6.3281249999999991        4.3681147653004286E-004
   6.0937499999999991        4.3828279903815890E-004
   5.8593749999999991        4.3683794192710021E-004
   5.6249999999999991        4.3854728881106449E-004
   5.3906249999999991        4.3719076628639958E-004
   5.1562499999999991        4.3968783820629731E-004
   4.9218749999999991        4.3952204293680100E-004
   4.6874999999999991        4.4588585039025087E-004
   4.4531249999999991        4.5449531255696964E-004
   4.2187499999999991        4.8530267458744218E-004
   3.9843749999999991        5.5768686476184693E-004
   3.7499999999999991        7.6476917225126533E-004
   3.5156249999999991        1.3187586926417683E-003
   3.2812499999999991        2.8364935474337423E-003
   3.0468749999999991        6.7629922655122266E-003
   2.8124999999999991        1.6035665326972186E-002
   2.5781249999999991        3.4380150166575779E-002
   2.3437499999999991        6.1851007624465548E-002
   2.1093749999999991        8.7504444631059677E-002
   1.8749999999999991        9.2318681989529514E-002
   1.6406249999999991        6.7318757669581633E-002
   1.4062499999999991        2.9333774998849066E-002
   1.1718749999999991        7.2104837224713668E-003
  0.93749999999999911        1.2432313567608611E-003
  0.70312499999999911        1.7899459643634037E-004
  0.46874999999999911        2.6466993359684074E-005
  0.23437499999999911        4.6336528935822889E-006
  -8.8817841970012523E-016   1.2558407344411419E-005
 -0.23437500000000089        4.6335727656704818E-006
 -0.46875000000000089        2.6466698838556970E-005
 -0.70312500000000089        1.7899043139278580E-004
 -0.93750000000000089        1.2432078055502286E-003
  -1.1718750000000009        7.2103558549355641E-003
  -1.4062500000000009        2.9333407638210480E-002
  -1.6406250000000009        6.7318363075471677E-002
  -1.8750000000000009        9.2318564160369238E-002
  -2.1093750000000009        8.7504631075826345E-002
  -2.3437500000000009        6.1851311937985563E-002
  -2.5781250000000009        3.4380394290402731E-002
  -2.8125000000000009        1.6035802149650780E-002
  -3.0468750000000009        6.7630539392239918E-003
  -3.2812500000000009        2.8365179966353296E-003
  -3.5156250000000009        1.3187677986556965E-003
  -3.7500000000000009        7.6477249575092180E-004
  -3.9843750000000009        5.5768808174429772E-004
  -4.2187500000000009        4.8530312945216613E-004
  -4.4531250000000009        4.5449548377175043E-004
  -4.6875000000000009        4.4588591897948125E-004
  -4.9218750000000009        4.3952206863844559E-004
  -5.1562500000000009        4.3968785038398607E-004
  -5.3906250000000009        4.3719076995419866E-004
  -5.6250000000000009        4.3854729168166560E-004
  -5.8593750000000009        4.3683794205497047E-004
  -6.0937500000000009        4.3828280005225173E-004
  -6.3281250000000009        4.3681147618524971E-004
  -6.5625000000000009        4.3819911474899314E-004
  -6.7968750000000009        4.3683013751657623E-004
  -7.0312500000000009        4.3816598069673087E-004
  -7.2656250000000009        4.3684368764390961E-004
  -7.5000000000000009        4.3815651574362487E-004
