 #Weights n_i/n (ratio of number of chains) of each polymer found in the topology file in the same order
0.0104758462789524
0.0093972897038468
0.0077269177717622
0.0076289114809965
0.0071614854958737
0.0097564671496619
0.0107051219560411
0.0071435750758878
0.0070444639845897
0.0072222905856804
0.0089663813731450
0.0087163282721615
0.0061610795490497
0.0076060990521962
0.0087231430193292
0.0074312795478112
0.0073723572698767
0.0076257889818725
0.0079977092150445
0.0091015057178026
0.0120854117314215
0.0059825662907987
0.0072722267516508
0.0099255409503600
0.0091319367713099
0.0094080376167246
0.0080243613249484
0.0069874347312545
0.0086208894939716
0.0074791913020119
0.0080037086404097
0.0066328630262080
0.0081518591409419
0.0080834279395480
0.0095390589760146
0.0068693842607047
0.0078755257993496
0.0087647001004183
0.0084189322262522
0.0083925172343445
0.0071650999887009
0.0076825219768876
0.0080253404008041
0.0062264285700197
0.0075838377124384
0.0066571304381160
0.0119507466641175
0.0071822267462047
0.0062138993490094
0.0123095665805788
0.0067874222790565
0.0067869709660704
0.0082349463442349
0.0072150586812097
0.0075434139360954
0.0087295640414468
0.0087728764509250
0.0075464233004505
0.0076334510869292
0.0077109980890933
0.0082044917352986
0.0063690382745358
0.0072020257190498
0.0082294266221231
0.0092737007103292
0.0098083925628193
0.0059968745851785
0.0070060964777073
0.0072510492163067
0.0066464177087172
0.0072531069950865
0.0067431557820055
0.0092688388982294
0.0081235932414792
0.0080550395052968
0.0076446115596314
0.0071588247910766
0.0075952713766219
0.0058278661285576
0.0095265243292172
0.0067915346831515
0.0111624551577491
0.0071903572881030
0.0083252775167418
0.0058696459166357
0.0079127601358290
0.0076116223719364
0.0052757084035098
0.0095091920946872
0.0074437024642299
0.0064661452039236
0.0072892104188613
0.0078087111007044
0.0057743164523930
0.0107535280581851
0.0065405069026570
0.0078933010318888
0.0085758077995802
0.0084291927426914
0.0083308378332167
0.0085691496047492
0.0078095295615541
0.0096050600436918
0.0063715413482282
0.0066598783140179
0.0066704930675880
0.0058977391363836
0.0079283976972525
0.0067854195564776
0.0088062304303374
0.0063546215167483
0.0073204806462911
0.0066161094002422
0.0062829019558382
0.0089071764577990
0.0075251150098213
0.0077051555845320
0.0054932866856328
0.0069300520923337
0.0075816579316589
0.0080917306176249
0.0062261913598829
0.0081539865847127
0.0063533119241300
0.0076188544975553
0.0064099139500408
0.0087777037526849
0.0068386120836342
