 # 1.Target node 2.Generation 3.Max point 4.Mean distance
         104           4   2.1093750000000009        2.3063958570168026     
         116           4   2.1093750000000009        2.3123180877693197     
         112           6   2.3437500000000009        2.4382947217511433     
         114           6   2.3437500000000009        2.4382947217511433     
         105           5   2.3437500000000009        2.3526696714033242     
         109           6   2.3437500000000009        2.3691260078133989     
         115           6   2.3437500000000009        2.3751842020016998     
         117           2   2.1093750000000009        2.3133372418516038     
         107           5   2.3437500000000009        2.3702995697507578     
