 # 1.Target node 2.Generation 3.Max point 4.Mean distance
         106           5   2.1093750000000009        2.2874466270518252     
         112           4   2.1093750000000009        2.2996030766979265     
         100           6   2.1093750000000009        2.2945120592650738     
         102           6   2.1093750000000009        2.2945120592650738     
         103           5   2.3437500000000009        2.3368500126744949     
         107           5   2.3437500000000009        2.3368500126744949     
         110           6   2.3437500000000009        2.3367920911897486     
         111           2   2.1093750000000009        2.2570717580689648     
         113           5   2.3437500000000009        2.3226526249675095     
