 #Weights n_i/n (ratio of number of chains) of each polymer found in the topology file in the same order
0.0131788360408017
0.0101905321646015
0.0072306842330232
0.0076179848469726
0.0056607142775804
0.0129430883225913
0.0133736812640172
0.0054803861593120
0.0064379644673986
0.0065149931051632
0.0099683838181300
0.0099317674242728
0.0038381908725441
0.0071397449975780
0.0093839709014339
0.0070869502661484
0.0065155820231080
0.0069650401761641
0.0089371058016117
0.0101884637049420
0.0173878265473084
0.0038678074790065
0.0066481119552117
0.0116122733481161
0.0107710744267787
0.0117381721958311
0.0087776516605653
0.0062657122106783
0.0090235240759607
0.0062953508000747
0.0082350617524447
0.0047834715317446
0.0081555517575339
0.0076607775004968
0.0133600836229443
0.0063925814277121
0.0077619950811896
0.0107238648390517
0.0089633803845580
0.0071145518177803
0.0059081302381381
0.0078191911768156
0.0081922378281006
0.0047857307872562
0.0069316837088525
0.0056878349508974
0.0199310322774000
0.0061233640097659
0.0051294190387200
0.0205592634578206
0.0055757452496753
0.0062733004265585
0.0088656759393803
0.0067522409090145
0.0077459003567043
0.0091071993779392
0.0082338192336302
0.0061028194877582
0.0068569591207703
0.0074738315999647
0.0093013488637156
0.0049751049219865
0.0063220789615389
0.0084442186226478
0.0111804412628484
0.0125769989987662
0.0049330645747207
0.0062495198184116
0.0063208790075698
0.0055935569303272
0.0059090351453675
0.0055470613416210
0.0119689178899328
0.0083256967683497
0.0085186772814850
0.0060707176390003
0.0053258135730603
0.0071137332401377
0.0036486125772221
0.0122634013891648
0.0053243341849710
0.0141684302026543
0.0066913578904816
0.0090287865198008
0.0041098607222768
0.0088090516836516
0.0068196669696926
0.0031657354254150
0.0123906871094539
0.0065643004256627
0.0051462594109922
0.0071260870203105
0.0071112436011468
0.0042515166387357
0.0144186276154122
0.0050277156057560
0.0086463725970949
0.0088095680956023
0.0088860633175840
0.0087425382083070
0.0081679729642491
0.0078361799168353
0.0118394729395301
0.0046725623506258
0.0053427072219807
0.0057029216031665
0.0049761599591577
0.0084564900268515
0.0054036335752269
0.0092237688361402
0.0050540151497253
0.0061812774015960
0.0050344736568161
0.0042057050701651
0.0102261754608919
0.0075303785085031
0.0079171504907511
0.0037875582806690
0.0048336003657599
0.0068461658841781
0.0078044324025179
0.0044341268657155
0.0074810558628215
0.0042582164014139
0.0081567476645275
0.0043842329863800
0.0104364248046640
0.0058010428387200
