 #Weights n_i/n (ratio of number of chains) of each polymer found in the topology file in the same order
0.0078137604850203
0.0078133522718770
0.0078125005439937
0.0078125051974216
0.0078120077225290
0.0078135868405129
0.0078138191584764
0.0078120373990046
0.0078119553033298
0.0078123939364073
0.0078134149181479
0.0078133288036416
0.0078105393919905
0.0078126873585964
0.0078132696053259
0.0078123609781621
0.0078123324339712
0.0078125955504005
0.0078130991723219
0.0078133832200347
0.0078141098874338
0.0078103503084981
0.0078124537426563
0.0078135561859622
0.0078134433700692
0.0078135022551219
0.0078129152612008
0.0078122774223173
0.0078132127255475
0.0078124506831123
0.0078129490281887
0.0078114300382379
0.0078130398465066
0.0078127996442405
0.0078136782097332
0.0078123208959555
0.0078128622769598
0.0078133571504834
0.0078131850015435
0.0078125516878229
0.0078122170285792
0.0078126562885997
0.0078130083490073
0.0078111105164920
0.0078126289730984
0.0078119931459412
0.0078141115166906
0.0078121253467518
0.0078115332139942
0.0078142292952273
0.0078118057220768
0.0078120475715377
0.0078130973534911
0.0078121293771532
0.0078127781055367
0.0078131788486713
0.0078130583717385
0.0078121459795916
0.0078126561802994
0.0078127499501647
0.0078130978578663
0.0078116941420825
0.0078120053391674
0.0078129459059527
0.0078135038819763
0.0078136481867924
0.0078113586394582
0.0078122230933085
0.0078124251303886
0.0078117547031710
0.0078122743558278
0.0078117181349044
0.0078135626059375
0.0078128617273038
0.0078130709545568
0.0078123597839100
0.0078116106314727
0.0078127431240310
0.0078105002904285
0.0078135607135229
0.0078118932374804
0.0078139648077813
0.0078123669742801
0.0078131589761716
0.0078108594412476
0.0078129491354667
0.0078125918853678
0.0078094419517149
0.0078135900378196
0.0078125481649107
0.0078116358812614
0.0078126012101127
0.0078126215210611
0.0078108230195163
0.0078139397279464
0.0078112252948535
0.0078130101482692
0.0078131493466917
0.0078131213674929
0.0078132415603909
0.0078130344104529
0.0078127156199708
0.0078134700079513
0.0078113135540597
0.0078118954281503
0.0078118360046725
0.0078112115949015
0.0078129796768402
0.0078114189430324
0.0078132682086431
0.0078115478373793
0.0078123604650642
0.0078117246794929
0.0078107118893758
0.0078134451691358
0.0078127526922165
0.0078128628003507
0.0078101266419652
0.0078113760836831
0.0078126592512758
0.0078129209808844
0.0078106165603838
0.0078128275004886
0.0078111063958688
0.0078127780532717
0.0078112273998561
0.0078133866841578
0.0078121355271790
