 # 1.Target node 2.Generation 3.Max point 4.Mean distance
         118           6   2.1093750000000009        2.3013650811094841     
         116           3   2.1093750000000009        2.2749799272236828     
         101           7   2.1093750000000009        2.2855435519448646     
         105           7   2.1093750000000009        2.2855435519448646     
         117           4   2.1093750000000009        2.2588987468705932     
         121           4   2.1093750000000009        2.2670466533251563     
         113           5   2.1093750000000009        2.2884455477852605     
         119           5   2.1093750000000009        2.2731402961030249     
          95           3   2.1093750000000009        2.2170989726124204     
