 #Weights n_i/n (ratio of number of chains) of each polymer found in the topology file in the same order
0.0127443156185829
0.0100563681974129
0.0073223245395624
0.0076849528085559
0.0058195939661157
0.0125506083166215
0.0129012545144519
0.0056392560353423
0.0065775609513855
0.0066298952776107
0.0098345602834173
0.0098266225977310
0.0040466468279155
0.0072174650036094
0.0093024244035362
0.0071894553399009
0.0066423891989447
0.0070593398272058
0.0089039473043521
0.0100541869483236
0.0164262174119809
0.0040840044680886
0.0067579361189762
0.0113141016054053
0.0105806855500929
0.0114604386087621
0.0087724672105646
0.0064008166182703
0.0089715017851694
0.0064144675095875
0.0082416590658412
0.0049721896699363
0.0081575400109859
0.0077037008669909
0.0129194259799662
0.0065207228180375
0.0077981336750266
0.0105633759512498
0.0089200910495395
0.0072007370456746
0.0060518642640068
0.0078735756714845
0.0082026100871685
0.0049826870984664
0.0070230989571214
0.0058482273697100
0.0186292258364101
0.0062597967918978
0.0053125988152503
0.0191462245329711
0.0057401214329002
0.0064133601733337
0.0088349776944014
0.0068782853438429
0.0077908492399922
0.0090565573978952
0.0082344935260149
0.0062416889616773
0.0069478119306002
0.0075355149925243
0.0092503535827296
0.0051543337976883
0.0064597842786304
0.0084455849896552
0.0109603374669953
0.0122073061547822
0.0051239121358502
0.0063859165927366
0.0064405196836268
0.0057577333886047
0.0060487434135604
0.0057177612966057
0.0116763945774391
0.0083374519185142
0.0085054558047831
0.0061994545540320
0.0055036544756745
0.0071837775209142
0.0038578019421618
0.0119272222367232
0.0054912196115655
0.0136028598593762
0.0068083405221671
0.0089827826654310
0.0043115153148474
0.0087917577814419
0.0069160859607025
0.0033787882202578
0.0120352295785668
0.0066749217223087
0.0053244257559613
0.0072125874911321
0.0071940648540417
0.0044555213832660
0.0138533298887623
0.0052239793892070
0.0086398815164689
0.0087703516825186
0.0088525654705828
0.0087003776524695
0.0081729493708490
0.0078878213681725
0.0115783033139002
0.0048641333870347
0.0055085815988069
0.0058664219125602
0.0051681405513302
0.0084509672366158
0.0055852615427484
0.0091554714635192
0.0052354458521622
0.0063085768615856
0.0052115919724988
0.0044114775316271
0.0100739324178459
0.0075892033628405
0.0079529000566445
0.0040058193985188
0.0050214542634661
0.0069337868873243
0.0078407863894910
0.0046419088617864
0.0075321609610774
0.0044590979921261
0.0081804788563975
0.0045815076293650
0.0102838521193175
0.0059469296092114
