          38
   7.2656249999999991        4.3059582745146307E-004
   7.0312499999999991        4.3035013563636534E-004
   6.7968749999999991        4.3060702705030970E-004
   6.5624999999999991        4.3036977887311390E-004
   6.3281249999999991        4.3066178670296535E-004
   6.0937499999999991        4.3048379984965207E-004
   5.8593749999999991        4.3094229352648173E-004
   5.6249999999999991        4.3112816817967415E-004
   5.3906249999999991        4.3251132656498345E-004
   5.1562499999999991        4.3496048492979323E-004
   4.9218749999999991        4.4216936816468972E-004
   4.6874999999999991        4.5980910989432459E-004
   4.4531249999999991        5.0763142614364092E-004
   4.2187499999999991        6.3574545306176080E-004
   3.9843749999999991        9.8739219920755401E-004
   3.7499999999999991        1.9475926089995938E-003
   3.5156249999999991        4.5009663514911473E-003
   3.2812499999999991        1.0825721710734067E-002
   3.0468749999999991        2.4549837259009000E-002
   2.8124999999999991        4.8460710225027015E-002
   2.5781249999999991        7.7441723657120737E-002
   2.3437499999999991        9.3549234608242784E-002
   2.1093749999999991        7.9644941290484550E-002
   1.8749999999999991        4.3548281346724740E-002
   1.6406249999999991        1.3436679746690961E-002
   1.4062499999999991        2.4307689019685236E-003
   1.1718749999999991        3.3543840834141908E-004
  0.93749999999999911        3.3890609509671503E-005
  0.70312499999999911        6.6656144016707512E-006
  0.46874999999999911       -4.9838573084242199E-006
  0.23437499999999911       -1.7493756323216108E-006
  -8.8817841970012523E-016  -5.2246601368983966E-006
 -0.23437500000000089       -1.7493807356394733E-006
 -0.46875000000000089       -4.9838630136784262E-006
 -0.70312500000000089        6.6655187439455614E-006
 -0.93750000000000089        3.3890084759077587E-005
  -1.1718750000000009        3.3543393015014701E-004
  -1.4062500000000009        2.4307387448564283E-003
  -1.6406250000000009        1.3436553458284990E-002
  -1.8750000000000009        4.3548040826568782E-002
  -2.1093750000000009        7.9644757162909904E-002
  -2.3437500000000009        9.3549252520717233E-002
  -2.5781250000000009        7.7441895121318494E-002
  -2.8125000000000009        4.8460894723611751E-002
  -3.0468750000000009        2.4549958634415288E-002
  -3.2812500000000009        1.0825782364634502E-002
  -3.5156250000000009        4.5009919453828737E-003
  -3.7500000000000009        1.9476024703588824E-003
  -3.9843750000000009        9.8739581396925665E-004
  -4.2187500000000009        6.3574678381084497E-004
  -4.4531250000000009        5.0763190507989821E-004
  -4.6875000000000009        4.5980929752661856E-004
  -4.9218750000000009        4.4216943290115136E-004
  -5.1562500000000009        4.3496051603168046E-004
  -5.3906250000000009        4.3251133421021615E-004
  -5.6250000000000009        4.3112817532027872E-004
  -5.8593750000000009        4.3094229319625950E-004
  -6.0937500000000009        4.3048380242972283E-004
  -6.3281250000000009        4.3066178562283479E-004
  -6.5625000000000009        4.3036978011952377E-004
  -6.7968750000000009        4.3060702631499370E-004
  -7.0312500000000009        4.3035013618800014E-004
  -7.2656250000000009        4.3059582720355054E-004
  -7.5000000000000009        4.3034753384775201E-004
