 #Weights n_i/n (ratio of number of chains) of each polymer found in the topology file in the same order
0.0132609238564595
0.0104316264647809
0.0071554683947461
0.0068489341873253
0.0053634611855423
0.0130769894683630
0.0129229575689144
0.0060325182709121
0.0052849528879164
0.0080116479751844
0.0113928176574806
0.0099460570436823
0.0039035833146396
0.0079215594767408
0.0094488709052539
0.0061253576354047
0.0060055520871540
0.0071118437935775
0.0100136197801656
0.0100189302968054
0.0154974392365708
0.0037726891039093
0.0072326356717506
0.0114710523587522
0.0115983995091743
0.0115408086264040
0.0081814778669644
0.0064934222130655
0.0093764854467054
0.0070555280981673
0.0083560791921223
0.0048344374520187
0.0083689996490554
0.0075422016414771
0.0139742652250089
0.0056855020356961
0.0087164855156084
0.0094240444434561
0.0100234863218596
0.0078554460314546
0.0056357661446483
0.0081031465341873
0.0079256948363920
0.0045119967918327
0.0072848948458044
0.0057222383762514
0.0162315687590149
0.0060902720063299
0.0051781290440259
0.0238131151481693
0.0051046971119020
0.0058974048134498
0.0088795400041059
0.0052944646130919
0.0076011581303164
0.0098830053971594
0.0081782751458500
0.0059659138069827
0.0075847652468392
0.0068293755415853
0.0091227523917903
0.0050096156143304
0.0060413193702816
0.0079612180765843
0.0109310170766170
0.0122663116963432
0.0049564548989679
0.0060176850587629
0.0065300455238227
0.0050885408225858
0.0060397963517411
0.0050958874281244
0.0107689922687540
0.0080430138508504
0.0088623160944794
0.0065347214061420
0.0052292649106517
0.0071304793904855
0.0036218757719576
0.0117916320553609
0.0057014551382051
0.0145864249810886
0.0069727180522590
0.0096870378471130
0.0041675066120136
0.0072498617032377
0.0068872812619255
0.0035393698941938
0.0122941172769682
0.0070126170566577
0.0051763294225258
0.0066473786719518
0.0074809378007465
0.0040684856167540
0.0148620976707662
0.0042051724088799
0.0078645102713211
0.0093107209261192
0.0090457150423800
0.0100001582837032
0.0079268669403549
0.0076075255163575
0.0108384236602833
0.0044846343435472
0.0051508774937585
0.0052232236168373
0.0046294565285786
0.0082186210538462
0.0056922768241367
0.0090098611900907
0.0051354851464118
0.0067696864990397
0.0050161977220497
0.0039061759931266
0.0113276085089448
0.0073190451792265
0.0080303737700807
0.0039726693921256
0.0053435642405970
0.0077568367932121
0.0080314214661500
0.0036695714578331
0.0086908217368734
0.0047424430236715
0.0073960864626243
0.0047958475521362
0.0104785186841220
0.0060390630183324
