 #Weights n_i/n (ratio of number of chains) of each polymer found in the topology file in the same order
0.0172736581068272
0.0111773095328388
0.0062488662967604
0.0066791814214079
0.0043325479939201
0.0165659766370603
0.0180328358516305
0.0041614743043781
0.0050852143291901
0.0054456750175390
0.0111926198051836
0.0107606843751701
0.0023636734992322
0.0064386014171381
0.0100824411356933
0.0059694390080305
0.0053268628306088
0.0060423217099927
0.0090857881076326
0.0113147722426509
0.0260248202502224
0.0023330819077418
0.0056005061059041
0.0146269141372577
0.0124391787794797
0.0143540844774685
0.0085200924595506
0.0050621537513689
0.0093415767384463
0.0052691221184803
0.0079897383952500
0.0033246906715511
0.0080354869651571
0.0071540997358872
0.0175783888022259
0.0052046571904753
0.0073512857727127
0.0119005022698709
0.0092663638117948
0.0061611335017134
0.0046931597216230
0.0071019699728145
0.0079969310837305
0.0032287847695839
0.0060751665746589
0.0043408121855130
0.0308771530499509
0.0048731374113988
0.0036455870747558
0.0322393269334178
0.0041751326464276
0.0049917540207647
0.0089788116229794
0.0054852561576677
0.0071684176185002
0.0094633670342271
0.0081995503745194
0.0048505737689677
0.0060822882035831
0.0068285951216209
0.0095908186402046
0.0035609964983083
0.0049946522228713
0.0081948994643580
0.0130917266688955
0.0161030776500034
0.0034229237774763
0.0050091856180185
0.0052155330142183
0.0042028352068603
0.0047024210068170
0.0040868514987447
0.0146060661540342
0.0079621518384885
0.0085077259504726
0.0049484728660118
0.0038676938909915
0.0064363216016060
0.0021943477544108
0.0152723433773349
0.0039765003727881
0.0195223313626569
0.0055169890450644
0.0092099461758358
0.0026351054890934
0.0086212835658713
0.0058962317671351
0.0017426775026771
0.0158449421428483
0.0055636290507400
0.0037225436841657
0.0062383468773431
0.0062914620468865
0.0027442802580251
0.0196382595379423
0.0034819144794598
0.0085294720908734
0.0090006370717766
0.0090603318981117
0.0089921683528980
0.0080510006660949
0.0071583270257541
0.0139297492023195
0.0031908839596362
0.0039926048644128
0.0043040769193581
0.0034126891372197
0.0082864788433107
0.0038831926453720
0.0097937373043712
0.0035941074174130
0.0050902541315781
0.0036361669649264
0.0026994094761184
0.0116201422365092
0.0069138877670005
0.0074829595862817
0.0022605330860631
0.0033560892311371
0.0060091617760420
0.0073615298189893
0.0028603307893178
0.0069473186564594
0.0027761980296310
0.0076160959685694
0.0029124090153957
0.0117287963169147
0.0045181748793364
