          31
   7.2656249999999991        3.3945272759656754E-004
   7.0312499999999991        3.3867284674849688E-004
   6.7968749999999991        3.3946825789552405E-004
   6.5624999999999991        3.3866809780067558E-004
   6.3281249999999991        3.3951745604878945E-004
   6.0937499999999991        3.3870005792960300E-004
   5.8593749999999991        3.3969713666021008E-004
   5.6249999999999991        3.3898704489350332E-004
   5.3906249999999991        3.4054937540565821E-004
   5.1562499999999991        3.4084649275655448E-004
   4.9218749999999991        3.4543531417557044E-004
   4.6874999999999991        3.5294831199511714E-004
   4.4531249999999991        3.7738364426067033E-004
   4.2187499999999991        4.3743720550840889E-004
   3.9843749999999991        6.0674915510702994E-004
   3.7499999999999991        1.0617597413764724E-003
   3.5156249999999991        2.2903421492025079E-003
   3.2812499999999991        5.4098492261265311E-003
   3.0468749999999991        1.2597023959699432E-002
   2.8124999999999991        2.6523095884901010E-002
   2.5781249999999991        4.7072519869618835E-002
   2.3437499999999991        6.5858874887809934E-002
   2.1093749999999991        6.8218517116100968E-002
   1.8749999999999991        4.8366344574654892E-002
   1.6406249999999991        2.0648306566322414E-002
   1.4062499999999991        4.9169409391712484E-003
   1.1718749999999991        7.7410997184106187E-004
  0.93749999999999911        1.0030202477107038E-004
  0.70312499999999911        1.6071806943308325E-005
  0.46874999999999911        7.6825748265448367E-007
  0.23437499999999911       -2.2506576880209403E-007
  -8.8817841970012523E-016  -4.5850285922723030E-006
 -0.23437500000000089       -2.2506615927543807E-007
 -0.46875000000000089        7.6817204454240573E-007
 -0.70312500000000089        1.6071693545646991E-005
 -0.93750000000000089        1.0030025050025464E-004
  -1.1718750000000009        7.7409835667341593E-004
  -1.4062500000000009        4.9168749358641890E-003
  -1.6406250000000009        2.0648114504929500E-002
  -1.8750000000000009        4.8366124866361160E-002
  -2.1093750000000009        6.8218441067789751E-002
  -2.3437500000000009        6.5858973926802469E-002
  -2.5781250000000009        4.7072688940245994E-002
  -2.8125000000000009        2.6523233251808036E-002
  -3.0468750000000009        1.2597102401264231E-002
  -3.2812500000000009        5.4098854553805385E-003
  -3.5156250000000009        2.2903568505713381E-003
  -3.7500000000000009        1.0617653027599802E-003
  -3.9843750000000009        6.0675119738186681E-004
  -4.2187500000000009        4.3743795315803074E-004
  -4.4531250000000009        3.7738392181495549E-004
  -4.6875000000000009        3.5294841624575982E-004
  -4.9218750000000009        3.4543535502306618E-004
  -5.1562500000000009        3.4084650832846391E-004
  -5.3906250000000009        3.4054938224385001E-004
  -5.6250000000000009        3.3898704723643580E-004
  -5.8593750000000009        3.3969713807611941E-004
  -6.0937500000000009        3.3870005816485601E-004
  -6.3281250000000009        3.3951745645917862E-004
  -6.5625000000000009        3.3866809772943167E-004
  -6.7968750000000009        3.3946825805452154E-004
  -7.0312500000000009        3.3867284668589613E-004
  -7.2656250000000009        3.3945272764244919E-004
  -7.5000000000000009        3.3867627819646347E-004
