          29
   7.2656249999999991        3.1778459039589915E-004
   7.0312499999999991        3.1658927523805521E-004
   6.7968749999999991        3.1780530598986165E-004
   6.5624999999999991        3.1657687247161064E-004
   6.3281249999999991        3.1786568127071385E-004
   6.0937499999999991        3.1659586260884126E-004
   5.8593749999999991        3.1806562976491575E-004
   5.6249999999999991        3.1686819299649979E-004
   5.3906249999999991        3.1896446758902423E-004
   5.1562499999999991        3.1875154349942172E-004
   4.9218749999999991        3.2405019098971904E-004
   4.6874999999999991        3.3125796302170373E-004
   4.4531249999999991        3.5732370016907403E-004
   4.2187499999999991        4.1919930207837033E-004
   3.9843749999999991        5.9688367614860432E-004
   3.7499999999999991        1.0753276556464495E-003
   3.5156249999999991        2.3966968339301760E-003
   3.2812499999999991        5.8774131117216490E-003
   3.0468749999999991        1.4374504985026668E-002
   2.8124999999999991        3.2128662929908666E-002
   2.5781249999999991        6.0830234718660690E-002
   2.3437499999999991        9.0400926169902127E-002
   2.1093749999999991        9.7970228662138198E-002
   1.8749999999999991        7.0845058326725038E-002
   1.6406249999999991        3.0046076856630435E-002
   1.4062499999999991        7.1260937568746680E-003
   1.1718749999999991        1.1663070737306326E-003
  0.93749999999999911        1.5847933523851314E-004
  0.70312499999999911        2.5891464975674124E-005
  0.46874999999999911       -2.6879087811608991E-007
  0.23437499999999911       -4.6652585297068131E-007
  -8.8817841970012523E-016  -7.8052161023690612E-006
 -0.23437500000000089       -4.6652661891310268E-007
 -0.46875000000000089       -2.6891601004651326E-007
 -0.70312500000000089        2.5891256581186185E-005
 -0.93750000000000089        1.5847657560393155E-004
  -1.1718750000000009        1.1662900620430150E-003
  -1.4062500000000009        7.1259984492922437E-003
  -1.6406250000000009        3.0045792477896422E-002
  -1.8750000000000009        7.0844734696749512E-002
  -2.1093750000000009        9.7970141530245913E-002
  -2.3437500000000009        9.0401098454409162E-002
  -2.5781250000000009        6.0830482737898629E-002
  -2.8125000000000009        3.2128844984676282E-002
  -3.0468750000000009        1.4374600534781583E-002
  -3.2812500000000009        5.8774544285388050E-003
  -3.5156250000000009        2.3967128247081014E-003
  -3.7500000000000009        1.0753335559463880E-003
  -3.9843750000000009        5.9688580868833148E-004
  -4.2187500000000009        4.1920008596272831E-004
  -4.4531250000000009        3.5732398576358653E-004
  -4.6875000000000009        3.3125807406065222E-004
  -4.9218750000000009        3.2405023113761262E-004
  -5.1562500000000009        3.1875156134646235E-004
  -5.3906250000000009        3.1896447317247264E-004
  -5.6250000000000009        3.1686819657725636E-004
  -5.8593750000000009        3.1806563024851481E-004
  -6.0937500000000009        3.1659586362305271E-004
  -6.3281250000000009        3.1786568107416372E-004
  -6.5625000000000009        3.1657687287042167E-004
  -6.7968750000000009        3.1780530580875088E-004
  -7.0312500000000009        3.1658927539785024E-004
  -7.2656250000000009        3.1778459033226841E-004
  -7.5000000000000009        3.1659520057422956E-004
