 #Weights n_i/n (ratio of number of chains) of each polymer found in the topology file in the same order
0.0043403746565935
0.0074464262793259
0.0084358670620310
0.0086580149134759
0.0081970314919896
0.0054152510114833
0.0089640411017035
0.0067919546711157
0.0156678614001987
0.0080232537831932
0.0082285077204245
0.0135755322175206
0.0058511753010174
0.0062993616792713
0.0075155489727503
0.0068612407744749
0.0098742232123513
0.0079881601732488
0.0080557402176370
0.0101746879702570
0.0101030229652329
0.0109170602958607
0.0070625519372173
0.0085014704166283
0.0072693718037720
0.0060530811324798
0.0072357998378456
0.0061908561326634
0.0063559101654362
0.0085252476441708
0.0066808332646525
0.0094128578431234
0.0049114328032617
0.0084465799294845
0.0069412119693622
0.0060362971622010
0.0064469607374827
0.0057786540174649
0.0084851006492803
0.0103080007841396
0.0052618075500211
0.0087354761845090
0.0071095672792678
0.0063902005810804
0.0068850909625281
0.0066157172368418
0.0052323910910685
0.0059133362572119
0.0048373828107940
0.0072952384856353
0.0076252467507603
0.0097841876913042
0.0053086987892170
0.0078709446366968
0.0087005997384362
0.0062195923375700
0.0058616221845809
0.0192140658286059
0.0065866076059312
0.0077259800067374
0.0103274904633738
0.0084782470893511
0.0065296975165321
0.0070806969361289
0.0075338448153567
0.0064890654774022
0.0078542241917919
0.0060018902353416
0.0086528937079556
0.0108671500427052
0.0051364149742521
0.0099524129263853
0.0103178501945002
0.0068111588323743
0.0135258869037345
0.0048073268154243
0.0072191072828514
0.0081193440665930
0.0059326705057700
0.0058766900054967
0.0057050345167099
0.0071425868189030
0.0079579774323166
0.0068128304574728
0.0095648088570885
0.0076517052516648
0.0071209399686434
0.0055634293169445
0.0062751388194580
0.0089271963231876
0.0106238877095853
0.0068981138820310
0.0058401801431992
0.0052704429067809
0.0051832796279208
0.0092703698055153
0.0070256240668047
0.0071110657060688
0.0072202049790364
0.0070105867390437
0.0086371763107927
0.0098776237634201
0.0089671776197800
0.0080210848818120
0.0054720194569815
0.0085207861463740
0.0099808867839181
0.0112607580992387
0.0097456706687847
0.0046943308241770
0.0088157519951374
0.0075482272517345
0.0122579212459055
0.0099279552409471
0.0074897273803210
0.0089920388994568
0.0071046281427388
0.0054311009423401
0.0058722047251381
0.0056166046823038
0.0081276304503242
0.0076957541572482
0.0063000386028980
0.0117311982261234
0.0052279742936569
0.0077809185790301
0.0137725548527945
0.0062404793543062
